20.3 11.0 -0.0 0.0 0.0 0.9998 -0.0214
11.97 7.38 0.0 0.0 0.0 0.0076 1.0
21.4503 11.5007 -0.0 0.0 0.0 0.9998 -0.0214
20.0 11.0
19.7 11.0
19.4 11.0
19.1 11.0
18.8 11.0
18.5 11.0
18.2 11.0
17.9 11.0
17.9 10.7
17.9 10.4
17.9 10.1
17.9 9.9
18.2 9.9
18.5 9.9
18.8 9.9
19.1 9.9
19.4 9.9
19.7 9.9
20.0 9.9
20.3 9.9
20.3 9.6
20.3 9.3
20.3 9.0
20.3 8.7
20.0 8.7
19.7 8.7
19.4 8.7
19.1 8.7
18.8 8.7
18.5 8.7
18.2 8.7
17.9 8.7
17.9 8.4
17.9 8.1
18.2 8.1
18.5 8.1
18.8 8.1
19.1 8.1
19.4 8.1
19.7 8.1
20.0 8.1
20.3 8.1
20.3 7.8
20.3 7.5
20.3 7.2
20.3 6.9
20.0 6.9
19.7 6.9
19.4 6.9
19.1 6.9
18.8 6.9
18.5 6.9
18.2 6.9
17.9 6.9
17.6 6.9
17.3 6.9
17.0 6.9
16.7 6.9
16.4 6.9
16.1 6.9
15.8 6.9
15.5 6.9
15.2 6.9
14.9 6.9
14.6 6.9
14.3 6.9
14.0 6.9
13.7 6.9
13.4 6.9
13.1 6.9
