22.7 5.08 0.0000 0.0000 0.0000 0.0000 0.0
17.0776 8.5798 0.0000 -0.0000 -0.0000 0.0145 0.9999
20.4361 10.9477 0.0000 0.0000 0.0000 0.9991 -0.0426
21.7 5.08 0.0 0.0 0.0 0.0 1.0 0.0
21.3 5.08 0.0 0.0 0.0 0.0 1.0 0.0
20.9 5.08 0.0 0.0 0.0 0.0 1.0 0.0
20.5 5.08 0.0 0.0 0.0 0.0 1.0 0.0
20.1 5.08 0.0 0.0 0.0 0.0 1.0 0.0
19.7 5.08 0.0 0.0 0.0 0.0 1.0 0.0
19.3 5.08 0.0 0.0 0.0 0.0 1.0 0.0
18.9 5.08 0.0 0.0 0.0 0.0 1.0 0.0
18.5 5.08 0.0 0.0 0.0 0.0 1.0 0.0
18.1 5.08 0.0 0.0 0.0 0.0 1.0 0.0
17.7 5.08 0.0 0.0 0.0 0.0 1.0 0.0
17.3 5.08 0.0 0.0 0.0 0.0 1.0 0.0
16.9 5.08 0.0 0.0 0.0 0.0 1.0 0.0
16.5 5.08 0.0 0.0 0.0 0.0 1.0 1.0
16.5 5.4 0.0 0.0 0.0 0.0 1.0 0.0
16.5 5.8 0.0 0.0 0.0 0.0 1.0 0.0
16.5 6.2 0.0 0.0 0.0 0.0 1.0 0.0
16.5 6.6 0.0 0.0 0.0 0.0 1.0 0.0
16.5 7.0 0.0 0.0 0.0 0.0 1.0 0.0
16.5 7.4 0.0 0.0 0.0 0.0 1.0 0.0
16.5 7.8 0.0 0.0 0.0 0.0 1.0 0.0
16.5 8.2 0.0 0.0 0.0 0.0 1.0 0.0
16.5 8.6 0.0 0.0 0.0 0.0 1.0 0.0
16.5 9.0 0.0 0.0 0.0 0.0 1.0 1.0
16.9 9.0 0.0 0.0 0.0 0.0 1.0 0.0
17.3 9.0 0.0 0.0 0.0 0.0 1.0 1.0
17.3 8.6 0.0 0.0 0.0 0.0 1.0 0.0
17.3 8.2 0.0 0.0 0.0 0.0 1.0 0.0
17.3 7.8 0.0 0.0 0.0 0.0 1.0 0.0
17.3 7.4 0.0 0.0 0.0 0.0 1.0 0.0
17.3 7.0 0.0 0.0 0.0 0.0 1.0 0.0
17.3 6.6 0.0 0.0 0.0 0.0 1.0 0.0
17.3 6.2 0.0 0.0 0.0 0.0 1.0 0.0
17.3 5.8 0.0 0.0 0.0 0.0 1.0 1.0
17.6 5.8 0.0 0.0 0.0 0.0 1.0 0.0
18.0 5.8 0.0 0.0 0.0 0.0 1.0 0.0
18.5 5.8 0.0 0.0 0.0 0.0 1.0 1.0
18.5 6.2 0.0 0.0 0.0 0.0 1.0 0.0
18.5 6.6 0.0 0.0 0.0 0.0 1.0 0.0
18.5 7.0 0.0 0.0 0.0 0.0 1.0 0.0
18.5 7.4 0.0 0.0 0.0 0.0 1.0 0.0
18.5 7.8 0.0 0.0 0.0 0.0 1.0 0.0
18.5 8.2 0.0 0.0 0.0 0.0 1.0 0.0
18.5 8.6 0.0 0.0 0.0 0.0 1.0 0.0
18.5 9.0 0.0 0.0 0.0 0.0 1.0 1.0
19.0 9.0 0.0 0.0 0.0 0.0 1.0 1.0
19.0 8.6 0.0 0.0 0.0 0.0 1.0 0.0
19.0 8.2 0.0 0.0 0.0 0.0 1.0 0.0
19.0 7.8 0.0 0.0 0.0 0.0 1.0 0.0
19.0 7.4 0.0 0.0 0.0 0.0 1.0 0.0
19.0 7.0 0.0 0.0 0.0 0.0 1.0 0.0
19.0 6.6 0.0 0.0 0.0 0.0 1.0 0.0
19.0 6.2 0.0 0.0 0.0 0.0 1.0 0.0
19.0 5.8 0.0 0.0 0.0 0.0 1.0 0.0
19.0 5.4 0.0 0.0 0.0 0.0 1.0 1.0
19.4 5.4 0.0 0.0 0.0 0.0 1.0 0.0
19.8 5.8 0.0 0.0 0.0 0.0 1.0 0.0
20.4 5.4 0.0 0.0 0.0 0.0 1.0 0.0
20.8 5.4 0.0 0.0 0.0 0.0 1.0 0.0
21.2 5.4 0.0 0.0 0.0 0.0 1.0 0.0
21.6 5.4 0.0 0.0 0.0 0.0 1.0 0.0
22.0 5.4 0.0 0.0 0.0 0.0 1.0 0.0
22.4 5.4 0.0 0.0 0.0 0.0 1.0 0.0
22.8 5.4 0.0 0.0 0.0 0.0 1.0 0.0
23.2 5.4 0.0 0.0 0.0 0.0 1.0 0.0
23.6 5.4 0.0 0.0 0.0 0.0 1.0 1.0
23.6 5.8 0.0 0.0 0.0 0.0 1.0 0.0
23.6 6.2 0.0 0.0 0.0 0.0 1.0 0.0
23.6 6.6 0.0 0.0 0.0 0.0 1.0 0.0
23.6 7.0 0.0 0.0 0.0 0.0 1.0 0.0
23.6 7.4 0.0 0.0 0.0 0.0 1.0 0.0
23.6 7.8 0.0 0.0 0.0 0.0 1.0 0.0
23.6 8.2 0.0 0.0 0.0 0.0 1.0 1.0
