20.3 11.0 -0.0 0.0 0.0 0.9998 -0.0214 0.0
11.97 7.38 0.0 0.0 0.0 0.0076 1.0 0.0
21.4503 11.5007 -0.0 0.0 0.0 0.9998 -0.0214 0.0
20.0 11.0 0.0 0.0 0.0 0.0 1.0 0.0
19.7 11.0 0.0 0.0 0.0 0.0 1.0 0.0
19.4 11.0 0.0 0.0 0.0 0.0 1.0 0.0
19.1 11.0 0.0 0.0 0.0 0.0 1.0 0.0
18.8 11.0 0.0 0.0 0.0 0.0 1.0 0.0
18.5 11.0 0.0 0.0 0.0 0.0 1.0 0.0
18.2 11.0 0.0 0.0 0.0 0.0 1.0 0.0
17.9 11.0 0.0 0.0 0.0 1.0 0.0 1.0
17.9 10.5 0.0 0.0 0.0 -0.71 0.7 1.0
18.2 10.5 0.0 0.0 0.0 0.0 1.0 0.0
18.5 10.5 0.0 0.0 0.0 0.0 1.0 0.0
18.8 10.5 0.0 0.0 0.0 0.0 1.0 0.0
19.1 10.5 0.0 0.0 0.0 0.0 1.0 0.0
19.4 10.5 0.0 0.0 0.0 0.0 1.0 0.0
19.7 10.5 0.0 0.0 0.0 0.0 1.0 0.0
20.0 10.5 0.0 0.0 0.0 0.0 1.0 0.0
20.3 10.5 0.0 0.0 0.0 0.0 1.0 1.0
20.3 10.0 0.0 0.0 0.0 0.0 1.0 1.0
20.0 10.0 0.0 0.0 0.0 0.0 1.0 0.0
19.7 10.0 0.0 0.0 0.0 0.0 1.0 0.0
19.4 10.0 0.0 0.0 0.0 0.0 1.0 0.0
19.1 10.0 0.0 0.0 0.0 0.0 1.0 0.0
18.8 10.0 0.0 0.0 0.0 0.0 1.0 0.0
18.5 10.0 0.0 0.0 0.0 0.0 1.0 0.0
18.2 10.0 0.0 0.0 0.0 0.0 1.0 0.0
17.9 10.0 0.0 0.0 0.0 1.0 0.0 1.0
17.9 9.5 0.0 0.0 0.0 -0.71 0.7 1.0
18.2 9.5 0.0 0.0 0.0 0.0 1.0 0.0
18.5 9.5 0.0 0.0 0.0 0.0 1.0 0.0
18.8 9.5 0.0 0.0 0.0 0.0 1.0 0.0
19.1 9.5 0.0 0.0 0.0 0.0 1.0 0.0
19.4 9.5 0.0 0.0 0.0 0.0 1.0 0.0
19.7 9.5 0.0 0.0 0.0 0.0 1.0 0.0
20.0 9.5 0.0 0.0 0.0 0.0 1.0 0.0
20.3 9.5 0.0 0.0 0.0 0.0 1.0 1.0
20.3 9.0 0.0 0.0 0.0 0.0 1.0 0.0
20.3 8.5 0.0 0.0 0.0 0.0 1.0 0.0
20.3 8.0 0.0 0.0 0.0 0.0 1.0 0.0
20.3 7.5 0.0 0.0 0.0 0.0 1.0 0.0
20.3 6.9 0.0 0.0 0.0 -0.71 0.7 1.0
20.0 6.9 0.0 0.0 0.0 0.0 1.0 0.0
19.7 6.9 0.0 0.0 0.0 0.0 1.0 0.0
19.4 6.9 0.0 0.0 0.0 0.0 1.0 0.0
19.1 6.9 0.0 0.0 0.0 0.0 1.0 0.0
18.8 6.9 0.0 0.0 0.0 0.0 1.0 0.0
18.5 6.9 0.0 0.0 0.0 0.0 1.0 0.0
18.2 6.9 0.0 0.0 0.0 0.0 1.0 0.0
17.9 6.9 0.0 0.0 0.0 0.0 1.0 0.0
17.6 6.9 0.0 0.0 0.0 0.0 1.0 0.0
17.3 6.9 0.0 0.0 0.0 0.0 1.0 0.0
17.0 6.9 0.0 0.0 0.0 0.0 1.0 0.0
16.7 6.9 0.0 0.0 0.0 0.0 1.0 0.0
16.4 6.9 0.0 0.0 0.0 0.0 1.0 0.0
16.1 6.9 0.0 0.0 0.0 0.0 1.0 0.0
15.8 6.9 0.0 0.0 0.0 0.0 1.0 0.0
15.5 6.9 0.0 0.0 0.0 0.0 1.0 0.0
15.2 6.9 0.0 0.0 0.0 0.0 1.0 0.0
14.9 6.9 0.0 0.0 0.0 0.0 1.0 0.0
14.6 6.9 0.0 0.0 0.0 0.0 1.0 0.0
14.3 6.9 0.0 0.0 0.0 0.0 1.0 0.0
14.0 6.9 0.0 0.0 0.0 0.0 1.0 0.0
13.7 6.9 0.0 0.0 0.0 0.0 1.0 0.0
13.4 6.9 0.0 0.0 0.0 0.0 1.0 0.0
13.1 6.9 0.0 0.0 0.0 0.0 1.0 0.0
11.97 7.38 0.0 0.0 0.0 0.0 1.0 1.0
