22.0 5.3 0.0000 0.0000 0.0000 0.0000 0.0
23.2 5.3 0.0000 -0.0000 -0.0000 0.0145 0.9999
20.4361 10.9477 0.0000 0.0000 0.0000 0.9991 -0.0426
22.0 5.3 0.0 0.0 0.0 0.0 1.0 0.0
21.0 5.3 0.0 0.0 0.0 0.0 1.0 0.0
20.0 5.3 0.0 0.0 0.0 0.0 1.0 0.0
19.0 5.3 0.0 0.0 0.0 0.0 1.0 0.0
18.0 5.3 0.0 0.0 0.0 0.0 1.0 0.0
17.0 5.3 0.0 0.0 0.0 0.0 1.0 1.0
17.0 5.8 0.0 0.0 0.0 0.0 1.0 0.0
17.0 6.8 0.0 0.0 0.0 0.0 1.0 0.0
17.0 7.8 0.0 0.0 0.0 0.0 1.0 0.0
17.0 8.5 0.0 0.0 0.0 0.0 1.0 0.0
17.0 9.0 0.0 0.0 0.0 0.0 1.0 1.0
18.0 9.0 0.0 0.0 0.0 0.0 1.0 0.0
19.0 9.0 0.0 0.0 0.0 0.0 1.0 0.0
20.0 9.0 0.0 0.0 0.0 0.0 1.0 0.0
21.0 9.0 0.0 0.0 0.0 0.0 1.0 0.0
22.0 9.0 0.0 0.0 0.0 0.0 1.0 0.0
22.5 9.0 0.0 0.0 0.0 0.0 1.0 0.0
23.2 9.0 0.0 0.0 0.0 0.0 1.0 1.0
23.2 8.0 0.0 0.0 0.0 0.0 1.0 0.0
23.2 7.0 0.0 0.0 0.0 0.0 1.0 0.0
23.2 6.0 0.0 0.0 0.0 0.0 1.0 0.0
23.2 5.3 0.0 0.0 0.0 0.0 1.0 1.0
