22.5 5.08 0.0000 0.0000 0.0000 0.0000 0.0
17.0776 8.5798 0.0000 -0.0000 -0.0000 0.0145 0.9999
20.4361 10.9477 0.0000 0.0000 0.0000 0.9991 -0.0426
21.7 4.58 0.0 0.0 0.0 0.0 1.0 0.0
21.3 4.58 0.0 0.0 0.0 0.0 1.0 0.0
20.9 4.58 0.0 0.0 0.0 0.0 1.0 0.0
20.5 4.58 0.0 0.0 0.0 0.0 1.0 0.0
20.1 4.58 0.0 0.0 0.0 0.0 1.0 0.0
19.7 4.58 0.0 0.0 0.0 0.0 1.0 0.0
19.3 4.58 0.0 0.0 0.0 0.0 1.0 0.0
18.9 4.58 0.0 0.0 0.0 0.0 1.0 0.0
18.5 4.58 0.0 0.0 0.0 0.0 1.0 0.0
18.1 4.58 0.0 0.0 0.0 0.0 1.0 0.0
17.7 4.58 0.0 0.0 0.0 0.0 1.0 0.0
17.3 4.58 0.0 0.0 0.0 0.0 1.0 0.0
17.0 4.58 0.0 0.0 0.0 0.0 1.0 0.0
16.7 4.58 0.0 0.0 0.0 0.0 1.0 1.0
16.7 5.0 0.0 0.0 0.0 0.0 1.0 0.0
16.7 5.4 0.0 0.0 0.0 0.0 1.0 0.0
16.7 5.8 0.0 0.0 0.0 0.0 1.0 0.0
16.7 6.2 0.0 0.0 0.0 0.0 1.0 0.0
16.7 6.6 0.0 0.0 0.0 0.0 1.0 0.0
16.7 7.0 0.0 0.0 0.0 0.0 1.0 0.0
16.7 7.4 0.0 0.0 0.0 0.0 1.0 0.0
16.7 7.8 0.0 0.0 0.0 0.0 1.0 0.0
16.7 8.2 0.0 0.0 0.0 0.0 1.0 0.0
16.7 8.5 0.0 0.0 0.0 0.0 1.0 1.0
17.0 8.5 0.0 0.0 0.0 0.0 1.0 0.0
17.3 8.5 0.0 0.0 0.0 0.0 1.0 1.0
17.3 8.1 0.0 0.0 0.0 0.0 1.0 0.0
17.3 7.7 0.0 0.0 0.0 0.0 1.0 0.0
17.3 7.3 0.0 0.0 0.0 0.0 1.0 0.0
17.3 6.9 0.0 0.0 0.0 0.0 1.0 0.0
17.3 6.5 0.0 0.0 0.0 0.0 1.0 0.0
17.3 6.1 0.0 0.0 0.0 0.0 1.0 0.0
17.3 5.7 0.0 0.0 0.0 0.0 1.0 0.0
17.3 5.3 0.0 0.0 0.0 0.0 1.0 1.0
17.6 5.3 0.0 0.0 0.0 0.0 1.0 0.0
18.0 5.3 0.0 0.0 0.0 0.0 1.0 0.0
18.3 5.3 0.0 0.0 0.0 0.0 1.0 1.0
18.3 5.7 0.0 0.0 0.0 0.0 1.0 0.0
18.3 6.1 0.0 0.0 0.0 0.0 1.0 0.0
18.3 6.5 0.0 0.0 0.0 0.0 1.0 0.0
18.3 6.9 0.0 0.0 0.0 0.0 1.0 0.0
18.3 7.3 0.0 0.0 0.0 0.0 1.0 0.0
18.3 7.7 0.0 0.0 0.0 0.0 1.0 0.0
18.3 8.1 0.0 0.0 0.0 0.0 1.0 0.0
18.3 8.5 0.0 0.0 0.0 0.0 1.0 1.0
19.0 8.5 0.0 0.0 0.0 0.0 1.0 1.0
19.0 8.1 0.0 0.0 0.0 0.0 1.0 0.0
19.0 7.7 0.0 0.0 0.0 0.0 1.0 0.0
19.0 7.3 0.0 0.0 0.0 0.0 1.0 0.0
19.0 6.9 0.0 0.0 0.0 0.0 1.0 0.0
19.0 6.5 0.0 0.0 0.0 0.0 1.0 0.0
19.0 6.1 0.0 0.0 0.0 0.0 1.0 0.0
19.0 5.7 0.0 0.0 0.0 0.0 1.0 0.0
19.0 5.3 0.0 0.0 0.0 0.0 1.0 0.0
19.0 4.9 0.0 0.0 0.0 0.0 1.0 1.0
19.4 4.9 0.0 0.0 0.0 0.0 1.0 0.0
19.8 4.9 0.0 0.0 0.0 0.0 1.0 0.0
20.4 4.9 0.0 0.0 0.0 0.0 1.0 0.0
20.8 4.9 0.0 0.0 0.0 0.0 1.0 0.0
21.2 4.9 0.0 0.0 0.0 0.0 1.0 0.0
21.6 4.9 0.0 0.0 0.0 0.0 1.0 0.0
22.0 4.9 0.0 0.0 0.0 0.0 1.0 0.0
22.4 4.9 0.0 0.0 0.0 0.0 1.0 0.0
22.8 4.9 0.0 0.0 0.0 0.0 1.0 0.0
23.2 4.9 0.0 0.0 0.0 0.0 1.0 0.0
23.6 4.9 0.0 0.0 0.0 0.0 1.0 1.0
23.6 5.7 0.0 0.0 0.0 0.0 1.0 0.0
23.6 6.1 0.0 0.0 0.0 0.0 1.0 0.0
23.6 6.5 0.0 0.0 0.0 0.0 1.0 0.0
23.6 7.0 0.0 0.0 0.0 0.0 1.0 0.0
23.6 7.4 0.0 0.0 0.0 0.0 1.0 0.0
23.6 7.8 0.0 0.0 0.0 0.0 1.0 0.0
23.6 8.2 0.0 0.0 0.0 0.0 1.0 1.0
