0 3 19.5705 10.2678 0.0000 0.0000 0.0000 1.0000 -0.0074
0 3 17.6711 10.2733 0.0000 0.0000 0.0000 0.9715 0.2372
0 3 16.8199 10.7324 0.0000 0.0000 0.0000 1.0000 0.0083
0 3 15.7974 10.7489 0.0000 0.0000 0.0000 0.9696 -0.2445
0 3 14.8868 10.2566 0.0000 0.0000 0.0000 0.9997 0.0235
0 3 13.4112 10.3286 0.0000 0.0000 0.0000 0.9703 0.2420
0 3 11.9625 11.0667 -0.0000 0.0000 0.0000 -0.0100 1.0000
0 4 18.9487 9.7571 0.0000 0.0000 0.0000 0.9295 -0.3689
0 4 17.2975 8.1509 -0.0000 0.0000 0.0000 1.0000 0.0069
0 4 15.2954 8.2186 -0.0000 0.0000 0.0000 0.9683 0.2496
0 4 14.1240 8.8595 -0.0000 0.0000 0.0000 0.9894 -0.1456
0 4 12.9967 8.4902 0.0000 0.0000 0.0000 0.9300 -0.3676
0 4 11.8981 7.4001 0.0000 0.0000 0.0000 -0.0129 0.9999
0 5 19.8401 10.1846 -0.0000 0.0000 0.0000 -0.7085 0.7057
0 5 19.8486 8.6293 0.0000 0.0000 0.0000 -0.4803 0.8771
0 5 20.6228 7.4122 -0.0000 0.0000 0.0000 -0.6954 0.7186
0 5 20.6272 6.1142 -0.0000 0.0000 0.0000 -0.7095 0.7047
0 5 20.6464 4.3656 0.0000 0.0000 0.0000 0.9993 -0.0372
0 5 17.8464 4.2089 0.0000 0.0000 0.0000 0.9997 -0.0225
0 5 15.1869 4.0582 -0.0000 0.0000 0.0000 0.9989 -0.0463
0 5 13.4531 3.9003 0.0000 0.0000 0.0000 0.9994 0.0343
0 5 11.8500 3.9930 0.0000 0.0000 0.0000 1.0000 0.0028
0 5 10.6760 3.9776 -0.0000 0.0000 0.0000 1.0000 0.0022
0 7 19.8705 10.0820 0.0000 0.0000 0.0000 -0.7039 0.7103
0 7 19.8914 8.5017 0.0000 0.0000 0.0000 -0.5528 0.8333
0 7 20.5113 7.1299 0.0000 0.0000 0.0000 -0.6773 0.7357
0 7 20.5741 6.1238 -0.0000 0.0000 0.0000 -0.6855 0.7281
0 7 20.7400 4.3340 0.0000 0.0000 0.0000 -0.0583 0.9983
0 7 22.4864 4.1007 0.0000 0.0000 0.0000 -0.0010 1.0000
0 7 24.1984 4.1017 -0.0000 0.0000 0.0000 0.0451 0.9990
0 7 26.2632 4.2943 -0.0000 0.0000 0.0000 0.0037 1.0000
0 7 34.9979 4.0726 0.0000 0.0000 0.0000 0.0083 1.0000
0 7 38.7000 4.1885 -0.0000 0.0000 0.0000 0.0034 1.0000
0 7 43.8565 4.2472 0.0000 0.0000 0.0000 0.0013 1.0000
0 7 51.2168 4.3480 -0.0000 0.0000 0.0000 0.7066 0.7076
0 7 51.3009 6.8911 0.0000 0.0000 0.0000 0.6862 0.7274
0 7 51.0974 8.3811 0.0000 0.0000 0.0000 0.7123 0.7018
0 7 51.0946 9.5421 0.0000 0.0000 0.0000 0.6854 0.7282
20.8783 5.8678 0.0000 0.0000 0.0000 0.9283 0.3717
20.8783 5.8678 0.0000 0.0000 0.0000 0.9283 0.3717
20.8783 5.8678 0.0000 0.0000 0.0000 0.9283 0.3717
20.8783 5.8678 0.0000 0.0000 0.0000 0.9283 0.3717
20.8783 5.8678 0.0000 0.0000 0.0000 0.9283 0.3717
20.8783 5.8678 0.0000 0.0000 0.0000 0.9283 0.3717
19.7640 7.7364 0.0000 0.0000 0.0000 0.9996 0.0268
20.6301 7.8547 0.0000 0.0000 0.0000 0.9997 -0.0257
20.6301 7.8547 0.0000 0.0000 0.0000 0.9997 -0.0257
20.6301 7.8547 0.0000 0.0000 0.0000 0.9997 -0.0257
20.6301 7.8547 0.0000 0.0000 0.0000 0.9997 -0.0257
20.6300 7.8547 0.0000 0.0000 0.0000 0.9997 -0.0263
20.6300 7.8547 0.0000 0.0000 0.0000 0.9997 -0.0263
20.6300 7.8547 0.0000 0.0000 0.0000 0.9997 -0.0263
20.6300 7.8547 0.0000 0.0000 0.0000 0.9997 -0.0263
19.9365 7.7518 0.0000 0.0000 0.0000 0.9996 -0.0269
18.4523 6.9128 0.0000 0.0000 0.0000 1.0000 -0.0045
19.8870 7.7725 0.0000 0.0000 0.0000 1.0000 -0.0046
19.8870 7.7725 0.0000 0.0000 0.0000 1.0000 -0.0045
19.8870 7.7725 0.0000 0.0000 0.0000 1.0000 -0.0045
19.4882 7.7615 0.0000 0.0000 0.0000 0.5469 0.8372
23.4979 6.0634 0.0000 0.0000 0.0000 1.0000 0.0098
23.4979 6.0634 0.0000 0.0000 0.0000 1.0000 0.0098
23.4979 6.0634 0.0000 0.0000 0.0000 1.0000 0.0098
23.4979 6.0634 0.0000 0.0000 0.0000 1.0000 0.0098
23.4979 6.0634 0.0000 0.0000 0.0000 1.0000 0.0098
23.4979 6.0634 0.0000 0.0000 0.0000 1.0000 0.0098
23.4979 6.0634 0.0000 0.0000 0.0000 1.0000 0.0098
23.4979 6.0634 0.0000 0.0000 0.0000 1.0000 0.0098
23.4979 6.0634 0.0000 0.0000 0.0000 1.0000 0.0098
23.4979 6.0634 0.0000 0.0000 0.0000 1.0000 0.0098
23.4979 6.0634 0.0000 0.0000 0.0000 1.0000 0.0098
23.4979 6.0634 0.0000 0.0000 0.0000 1.0000 0.0098
23.4979 6.0634 0.0000 0.0000 0.0000 1.0000 0.0098
23.4979 6.0634 0.0000 0.0000 0.0000 1.0000 0.0098
23.4979 6.0634 0.0000 0.0000 0.0000 1.0000 0.0098
23.4979 6.0634 0.0000 0.0000 0.0000 1.0000 0.0098
23.4979 6.0634 0.0000 0.0000 0.0000 1.0000 0.0098
23.4979 6.0634 0.0000 0.0000 0.0000 1.0000 0.0098
23.4979 6.0634 0.0000 0.0000 0.0000 1.0000 0.0098
23.4979 6.0634 0.0000 0.0000 0.0000 1.0000 0.0098
23.4979 6.0634 0.0000 0.0000 0.0000 1.0000 0.0098
23.4979 6.0634 0.0000 0.0000 0.0000 1.0000 0.0098
23.4979 6.0634 0.0000 0.0000 0.0000 1.0000 0.0098
23.4979 6.0634 0.0000 0.0000 0.0000 1.0000 0.0098
23.4979 6.0634 0.0000 0.0000 0.0000 1.0000 0.0098
23.4979 6.0634 0.0000 0.0000 0.0000 1.0000 0.0098
23.4979 6.0634 0.0000 0.0000 0.0000 1.0000 0.0098
23.4979 6.0634 0.0000 0.0000 0.0000 1.0000 0.0098
23.4979 6.0634 0.0000 0.0000 0.0000 1.0000 0.0098
23.4979 6.0634 0.0000 0.0000 0.0000 1.0000 0.0098
23.4979 6.0634 0.0000 0.0000 0.0000 1.0000 0.0098
23.4979 6.0634 0.0000 0.0000 0.0000 1.0000 0.0098
23.4979 6.0634 0.0000 0.0000 0.0000 1.0000 0.0098
23.4979 6.0634 0.0000 0.0000 0.0000 1.0000 0.0098
23.4979 6.0634 0.0000 0.0000 0.0000 1.0000 0.0098
23.4979 6.0634 0.0000 0.0000 0.0000 1.0000 0.0098
23.4979 6.0634 0.0000 0.0000 0.0000 1.0000 0.0098
23.4979 6.0634 0.0000 0.0000 0.0000 1.0000 0.0098
23.4979 6.0634 0.0000 0.0000 0.0000 1.0000 0.0098
23.4979 6.0634 0.0000 0.0000 0.0000 1.0000 0.0098
23.4979 6.0634 0.0000 0.0000 0.0000 1.0000 0.0099
23.4979 6.0634 0.0000 0.0000 0.0000 1.0000 0.0099
23.4979 6.0634 0.0000 0.0000 0.0000 1.0000 0.0099
23.4979 6.0634 0.0000 0.0000 0.0000 1.0000 0.0099
23.4979 6.0634 0.0000 0.0000 0.0000 1.0000 0.0099
23.4979 6.0634 0.0000 0.0000 0.0000 1.0000 0.0099
23.4979 6.0634 0.0000 0.0000 0.0000 1.0000 0.0099
23.4979 6.0634 0.0000 0.0000 0.0000 1.0000 0.0099
23.4979 6.0634 0.0000 0.0000 0.0000 1.0000 0.0099
23.4979 6.0634 0.0000 0.0000 0.0000 1.0000 0.0099
23.4979 6.0634 0.0000 0.0000 0.0000 1.0000 0.0099
23.4979 6.0634 0.0000 0.0000 0.0000 1.0000 0.0099
23.4979 6.0634 0.0000 0.0000 0.0000 1.0000 0.0099
23.4979 6.0634 0.0000 0.0000 0.0000 1.0000 0.0099
23.4979 6.0634 0.0000 0.0000 0.0000 1.0000 0.0099
23.4979 6.0634 0.0000 0.0000 0.0000 1.0000 0.0099
23.4979 6.0634 0.0000 0.0000 0.0000 1.0000 0.0099
23.4979 6.0634 0.0000 0.0000 0.0000 1.0000 0.0099
23.4979 6.0634 0.0000 0.0000 0.0000 1.0000 0.0099
23.4979 6.0634 0.0000 0.0000 0.0000 1.0000 0.0099
23.4979 6.0634 0.0000 0.0000 0.0000 1.0000 0.0099
23.4979 6.0634 0.0000 0.0000 0.0000 1.0000 0.0099
23.4979 6.0634 0.0000 0.0000 0.0000 1.0000 0.0099
23.4979 6.0634 0.0000 0.0000 0.0000 1.0000 0.0099
23.4979 6.0634 0.0000 0.0000 0.0000 1.0000 0.0099
23.4979 6.0634 0.0000 0.0000 0.0000 1.0000 0.0099
23.4979 6.0634 0.0000 0.0000 0.0000 1.0000 0.0099
23.4979 6.0634 0.0000 0.0000 0.0000 1.0000 0.0099
23.4979 6.0634 0.0000 0.0000 0.0000 1.0000 0.0099
23.4979 6.0634 0.0000 0.0000 0.0000 1.0000 0.0099
23.4979 6.0634 0.0000 0.0000 0.0000 1.0000 0.0099
23.4979 6.0634 0.0000 0.0000 0.0000 1.0000 0.0099
23.4979 6.0634 0.0000 0.0000 0.0000 1.0000 0.0099
23.4979 6.0634 0.0000 0.0000 0.0000 1.0000 0.0099
23.4979 6.0634 0.0000 0.0000 0.0000 1.0000 0.0099
23.4979 6.0634 0.0000 0.0000 0.0000 1.0000 0.0099
23.4979 6.0634 0.0000 0.0000 0.0000 1.0000 0.0099
23.4979 6.0634 0.0000 0.0000 0.0000 1.0000 0.0099
23.4979 6.0634 0.0000 0.0000 0.0000 1.0000 0.0099
23.4979 6.0634 0.0000 0.0000 0.0000 1.0000 0.0099
23.4979 6.0634 0.0000 0.0000 0.0000 1.0000 0.0099
23.4979 6.0634 0.0000 0.0000 0.0000 1.0000 0.0099
23.4979 6.0634 0.0000 0.0000 0.0000 1.0000 0.0099
23.4979 6.0634 0.0000 0.0000 0.0000 1.0000 0.0099
23.4979 6.0634 0.0000 0.0000 0.0000 1.0000 0.0099
23.4979 6.0634 0.0000 0.0000 0.0000 1.0000 0.0099
23.4979 6.0634 0.0000 0.0000 0.0000 1.0000 0.0099
23.4979 6.0634 0.0000 0.0000 0.0000 1.0000 0.0099
23.4979 6.0634 0.0000 0.0000 0.0000 1.0000 0.0099
23.4979 6.0634 0.0000 0.0000 0.0000 1.0000 0.0099
23.4979 6.0634 0.0000 0.0000 0.0000 1.0000 0.0099
23.4979 6.0634 0.0000 0.0000 0.0000 1.0000 0.0099
23.4979 6.0634 0.0000 0.0000 0.0000 1.0000 0.0099
23.4979 6.0634 0.0000 0.0000 0.0000 1.0000 0.0099
23.4979 6.0634 0.0000 0.0000 0.0000 1.0000 0.0099
23.4979 6.0634 0.0000 0.0000 0.0000 1.0000 0.0099
23.4979 6.0634 0.0000 0.0000 0.0000 1.0000 0.0099
23.4979 6.0634 0.0000 0.0000 0.0000 1.0000 0.0099
23.3633 6.0600 0.0000 0.0000 0.0000 0.9997 -0.0259
23.3633 6.0600 0.0000 0.0000 0.0000 0.9997 -0.0259
23.3633 6.0600 0.0000 0.0000 0.0000 0.9997 -0.0259
23.3633 6.0600 0.0000 0.0000 0.0000 0.9997 -0.0259
23.3633 6.0600 0.0000 0.0000 0.0000 0.9997 -0.0259
23.3633 6.0600 0.0000 0.0000 0.0000 0.9997 -0.0259
23.3633 6.0600 0.0000 0.0000 0.0000 0.9997 -0.0259
23.3633 6.0600 0.0000 0.0000 0.0000 0.9997 -0.0259
23.3633 6.0600 0.0000 0.0000 0.0000 0.9997 -0.0259
23.3633 6.0600 0.0000 0.0000 0.0000 0.9997 -0.0259
23.3633 6.0600 0.0000 0.0000 0.0000 0.9997 -0.0259
23.3633 6.0600 0.0000 0.0000 0.0000 0.9997 -0.0259
23.3633 6.0600 0.0000 0.0000 0.0000 0.9997 -0.0259
23.3633 6.0600 0.0000 0.0000 0.0000 0.9997 -0.0259
23.3633 6.0600 0.0000 0.0000 0.0000 0.9997 -0.0259
23.3633 6.0600 0.0000 0.0000 0.0000 0.9997 -0.0259
23.3633 6.0600 0.0000 0.0000 0.0000 0.9997 -0.0259
23.3633 6.0600 0.0000 0.0000 0.0000 0.9997 -0.0259
23.3633 6.0600 0.0000 0.0000 0.0000 0.9997 -0.0259
23.3633 6.0600 0.0000 0.0000 0.0000 0.9997 -0.0259
23.3633 6.0600 0.0000 0.0000 0.0000 0.9997 -0.0259
23.3633 6.0600 0.0000 0.0000 0.0000 0.9997 -0.0259
23.3633 6.0600 0.0000 0.0000 0.0000 0.9997 -0.0259
23.3633 6.0600 0.0000 0.0000 0.0000 0.9997 -0.0259
23.3633 6.0600 0.0000 0.0000 0.0000 0.9997 -0.0259
23.3633 6.0600 0.0000 0.0000 0.0000 0.9997 -0.0259
23.3633 6.0600 0.0000 0.0000 0.0000 0.9997 -0.0259
23.3633 6.0600 0.0000 0.0000 0.0000 0.9997 -0.0259
23.3633 6.0600 0.0000 0.0000 0.0000 0.9997 -0.0259
23.3633 6.0600 0.0000 0.0000 0.0000 0.9997 -0.0259
23.3633 6.0600 0.0000 0.0000 0.0000 0.9997 -0.0259
23.3633 6.0600 0.0000 0.0000 0.0000 0.9997 -0.0259
23.3633 6.0600 0.0000 0.0000 0.0000 0.9997 -0.0259
23.3633 6.0600 0.0000 0.0000 0.0000 0.9997 -0.0259
23.3633 6.0600 0.0000 0.0000 0.0000 0.9997 -0.0259
23.3633 6.0600 0.0000 0.0000 0.0000 0.9997 -0.0259
23.3633 6.0600 0.0000 0.0000 0.0000 0.9997 -0.0259
23.3633 6.0600 0.0000 0.0000 0.0000 0.9997 -0.0259
23.3633 6.0600 0.0000 0.0000 0.0000 0.9997 -0.0259
23.3633 6.0600 0.0000 0.0000 0.0000 0.9997 -0.0259
23.3633 6.0600 0.0000 0.0000 0.0000 0.9997 -0.0259
23.3633 6.0600 0.0000 0.0000 0.0000 0.9997 -0.0259
23.3633 6.0600 0.0000 0.0000 0.0000 0.9997 -0.0259
23.3633 6.0600 0.0000 0.0000 0.0000 0.9997 -0.0259
23.3633 6.0600 0.0000 0.0000 0.0000 0.9997 -0.0259
23.3633 6.0600 0.0000 0.0000 0.0000 0.9997 -0.0259
23.3633 6.0600 0.0000 0.0000 0.0000 0.9997 -0.0259
23.3633 6.0600 0.0000 0.0000 0.0000 0.9997 -0.0259
23.3633 6.0600 0.0000 0.0000 0.0000 0.9997 -0.0259
23.3633 6.0600 0.0000 0.0000 0.0000 0.9997 -0.0259
23.3633 6.0600 0.0000 0.0000 0.0000 0.9997 -0.0259
23.3633 6.0600 0.0000 0.0000 0.0000 0.9997 -0.0259
23.3633 6.0600 0.0000 0.0000 0.0000 0.9997 -0.0259
23.3633 6.0600 0.0000 0.0000 0.0000 0.9997 -0.0259
23.3633 6.0600 0.0000 0.0000 0.0000 0.9997 -0.0259
23.3633 6.0600 0.0000 0.0000 0.0000 0.9997 -0.0259
-0.5682 -3.2777 0.0000 0.0000 0.0000 0.7018 0.7124
-0.5682 -3.2777 0.0000 0.0000 0.0000 0.7018 0.7124
-0.5682 -3.2777 0.0000 0.0000 0.0000 0.7018 0.7124
-0.0001 -0.0000 0.0000 0.0000 0.0000 0.0498 0.9988
-0.0001 -0.0000 0.0000 0.0000 0.0000 0.0498 0.9988
6.0729 0.8509 0.0000 0.0000 0.0000 0.9995 -0.0307
6.0729 0.8509 0.0000 0.0000 0.0000 0.9995 -0.0307
5.2125 -0.1309 0.0000 0.0000 0.0000 -0.6601 0.7512
7.9529 -0.8807 0.0000 0.0000 0.0000 0.9901 -0.1407
7.9529 -0.8807 0.0000 0.0000 0.0000 0.9901 -0.1407
-0.0307 -0.0091 0.0000 0.0000 0.0000 0.1905 0.9817
-0.0307 -0.0091 0.0000 0.0000 0.0000 0.1905 0.9817
-0.0307 -0.0091 0.0000 0.0000 0.0000 0.1905 0.9817
0.0010 -0.0697 0.0000 0.0000 0.0000 0.4171 0.9089
0.0010 -0.0697 0.0000 0.0000 0.0000 0.4171 0.9089
0.0479 -0.0155 0.0000 0.0000 0.0000 0.6750 0.7378
0.0479 -0.0155 0.0000 0.0000 0.0000 0.6750 0.7378
-0.6651 0.5654 0.0000 0.0000 0.0000 0.8970 0.4420
-0.6651 0.5654 0.0000 0.0000 0.0000 0.8715 0.4903
-1.5949 -2.3496 0.0000 0.0000 0.0000 -0.2860 0.9582
-1.5348 -2.3891 0.0000 0.0000 0.0000 -0.2859 0.9583
0.0000 0.0000 0.0000 0.0000 0.0000 0.0000 1.0000
0.0000 0.0000 0.0000 0.0000 0.0000 0.0000 1.0000
0.0000 0.0000 0.0000 0.0000 0.0000 0.0000 1.0000
0.0000 0.0000 0.0000 0.0000 0.0000 0.0000 1.0000
0.0000 0.0000 0.0000 0.0000 0.0000 0.0000 1.0000
0.9664 -0.5599 0.0000 0.0000 0.0000 -0.2408 0.9706
0.9664 -0.5599 0.0000 0.0000 0.0000 -0.2408 0.9706
6.7158 -11.4485 0.0000 0.0000 0.0000 0.7891 0.6142
6.7158 -11.4485 0.0000 0.0000 0.0000 0.7891 0.6142
6.7175 -11.4477 0.0000 0.0000 0.0000 0.7973 0.6035
6.7175 -11.4477 0.0000 0.0000 0.0000 0.7973 0.6035
6.5776 -10.9337 0.0000 0.0000 0.0000 0.7963 0.6049
6.5776 -10.9337 0.0000 0.0000 0.0000 0.7963 0.6049
0.0000 -0.0001 0.0000 0.0000 0.0000 0.1963 0.9805
0.0000 -0.0001 0.0000 0.0000 0.0000 0.1963 0.9805
0.0119 -0.0064 0.0000 0.0000 0.0000 0.7699 0.6381
0.0119 -0.0064 0.0000 0.0000 0.0000 0.7699 0.6381
-0.2377 1.1473 0.0000 0.0000 0.0000 0.7340 0.6791
-0.2377 1.1473 0.0000 0.0000 0.0000 0.7340 0.6791
1.8177 1.2016 0.0000 0.0000 0.0000 0.0090 1.0000
0.0000 -0.0000 0.0000 0.0000 0.0000 0.0598 0.9982
0.0000 -0.0000 0.0000 0.0000 0.0000 0.0598 0.9982
0.0000 -0.0000 0.0000 0.0000 0.0000 0.0598 0.9982
6.5923 0.6519 0.0000 0.0000 0.0000 -0.2666 0.9638
6.5402 0.6328 0.0000 0.0000 0.0000 -0.2497 0.9683
6.5904 0.6417 0.0000 0.0000 0.0000 -0.5269 0.8500
6.5760 0.6390 0.0000 0.0000 0.0000 -0.5230 0.8523
9.9197 3.3276 0.0000 0.0000 0.0000 0.9869 0.1613
9.9197 3.3276 0.0000 0.0000 0.0000 0.9869 0.1613
9.9197 3.3276 0.0000 0.0000 0.0000 0.9869 0.1613
9.9022 3.3516 0.0000 0.0000 0.0000 0.9998 0.0196
9.9022 3.3516 0.0000 0.0000 0.0000 0.9998 0.0196
9.9022 3.3516 0.0000 0.0000 0.0000 0.9998 0.0196
3.1263 5.4560 0.0000 0.0000 0.0000 0.0115 0.9999
3.1263 5.4560 0.0000 0.0000 0.0000 0.0115 0.9999
9.8888 3.3401 0.0000 0.0000 0.0000 0.9999 -0.0123
9.8888 3.3401 0.0000 0.0000 0.0000 0.9999 -0.0123
9.8888 3.3401 0.0000 0.0000 0.0000 0.9999 -0.0123
25.6470 35.0054 0.0000 0.0000 0.0000 0.9147 -0.4042
19.0323 22.2346 0.0000 0.0000 0.0000 -0.8270 0.5622
19.0323 22.2346 0.0000 0.0000 0.0000 -0.8270 0.5622
