20.3 11.0 -0.0 0.0 0.0 0.9998 -0.0214 0.0
11.97 7.38 0.0 0.0 0.0 0.0076 1.0 0.0
21.4503 11.5007 -0.0 0.0 0.0 0.9998 -0.0214 0.0
20.0 11.0 0.0 0.0 0.0 0.0 1.0 0.0
19.7 11.0 0.0 0.0 0.0 0.0 1.0 0.0
19.4 11.0 0.0 0.0 0.0 0.0 1.0 0.0
19.1 11.0 0.0 0.0 0.0 0.0 1.0 0.0
18.8 11.0 0.0 0.0 0.0 0.0 1.0 0.0
18.5 11.0 0.0 0.0 0.0 0.0 1.0 0.0
18.2 11.0 0.0 0.0 0.0 0.0 1.0 0.0
17.9 11.0 0.0 0.0 0.0 1.0 0.0 1.0
17.9 10.5 0.0 0.0 0.0 -0.71 0.7 1.0
18.2 10.5 0.0 0.0 0.0 0.0 1.0 0.0
18.5 10.5 0.0 0.0 0.0 0.0 1.0 0.0
18.8 10.5 0.0 0.0 0.0 0.0 1.0 0.0
19.1 10.5 0.0 0.0 0.0 0.0 1.0 0.0
19.4 10.5 0.0 0.0 0.0 0.0 1.0 0.0
19.7 10.5 0.0 0.0 0.0 0.0 1.0 0.0
20.0 10.5 0.0 0.0 0.0 0.0 1.0 0.0
20.3 10.5 0.0 0.0 0.0 0.0 1.0 1.0
20.3 9.6 0.0 0.0 0.0 0.0 1.0 0.0
20.3 9.3 0.0 0.0 0.0 0.0 1.0 0.0
20.3 9.0 0.0 0.0 0.0 0.0 1.0 0.0
20.3 8.7 0.0 0.0 0.0 -0.71 0.70 1.0
