19.8 10.5 -0.0 0.0 0.0 0.9998 -0.0214 0.0
11.9625 11.0667 -0.0000 0.0000 0.0000 -0.0100 1.0000 0.0
21.4503 11.5007 -0.0 0.0 0.0 0.9998 -0.0214 0.0
19.6 10.15 0.0 0.0 0.0 0.0 1.0 0.0
19.4 9.95 0.0 0.0 0.0 0.0 1.0 0.0
19.25 9.7 0.0 0.0 0.0 0.0 1.0 0.0
19.0 9.4 0.0 0.0 0.0 0.0 1.0 0.0
18.8 9.05 0.0 0.0 0.0 0.0 1.0 0.0
18.6 8.75 0.0 0.0 0.0 0.0 1.0 0.0
18.3 8.4 0.0 0.0 0.0 0.0 1.0 0.0
18.0 8.0 0.0 0.0 0.0 0.0 1.0 0.0
17.8 7.75 0.0 0.0 0.0 0.0 1.0 0.0
17.5 7.5 0.0 0.0 0.0 0.0 1.0 0.0
17.2 7.35 0.0 0.0 0.0 0.0 1.0 0.0
16.8 7.25 0.0 0.0 0.0 0.0 1.0 0.0
16.5 7.25 0.0 0.0 0.0 0.0 1.0 0.0
16.05 7.25 0.0 0.0 0.0 0.0 1.0 0.0
15.65 7.35 0.0 0.0 0.0 0.0 1.0 0.0
15.25 7.5 0.0 0.0 0.0 0.0 1.0 0.0
15.0 7.75 0.0 0.0 0.0 0.0 1.0 0.0
14.65 8.0 0.0 0.0 0.0 0.0 1.0 0.05
14.35 8.35 0.0 0.0 0.0 0.0 1.0 0.0
14.05 8.6 0.0 0.0 0.0 0.0 1.0 0.0
13.7 8.9 0.0 0.0 0.0 0.0 1.0 0.0
13.4 9.25 0.0 0.0 0.0 0.0 1.0 0.0
13.05 9.7 0.0 0.0 0.0 0.0 1.0 0.0
12.7 10.05 0.0 0.0 0.0 0.0 1.0 0.0
12.5 10.25 0.0 0.0 0.0 0.0 1.0 0.0
11.96 11.07 -0.0 0.0 0.0 -0.01 1.0 1.0
