420
2.000
2.000
2.000
2.000
2.000
2.000
2.000
2.000
2.000
2.000
2.000
2.000
2.000
2.000
2.000
2.000
2.000
2.000
2.000
2.000
2.000
2.000
2.000
2.000
2.000
2.000
2.000
2.000
2.000
2.000
2.000
2.000
2.000
2.000
2.000
2.000
2.000
2.000
2.000
2.000
2.000
2.000
2.000
2.000
2.000
2.000
2.000
2.000
2.000
2.000
2.000
2.000
2.000
2.000
2.000
2.000
2.000
2.000
2.000
2.000
2.000
2.000
2.000
2.000
2.000
2.000
2.000
2.000
2.000
2.000
2.000
2.000
2.000
2.000
2.000
2.000
2.000
2.000
2.000
2.000
2.000
2.000
2.000
2.000
2.000
2.000
2.000
2.000
2.000
2.000
2.000
2.000
2.000
2.000
2.000
2.000
2.000
2.000
2.000
2.000
2.000
2.000
2.000
2.000
2.000
2.000
2.000
2.000
2.000
2.000
2.000
2.000
2.000
2.000
2.000
2.000
2.000
2.000
2.000
2.000
2.000
2.000
2.000
2.000
2.000
2.000
2.000
2.000
2.000
2.000
2.000
2.000
2.000
2.000
2.000
2.000
2.000
2.000
2.000
2.000
2.000
2.000
2.000
2.000
2.000
2.000
2.000
2.000
2.000
2.000
2.000
2.000
2.000
2.000
2.000
2.000
2.000
2.000
2.000
2.000
2.000
2.000
2.000
2.000
2.000
2.000
2.000
2.000
2.000
2.000
2.000
2.000
2.000
2.000
2.000
2.000
2.000
2.000
2.000
2.000
2.000
2.000
2.000
2.000
2.000
2.000
2.000
2.000
2.000
2.000
2.000
2.000
2.000
2.000
2.000
2.000
2.000
2.000
2.000
2.000
2.000
2.000
2.000
2.000
2.000
2.000
2.000
2.000
2.000
2.000
2.000
2.000
2.000
2.000
2.000
2.000
2.000
2.000
2.000
2.000
2.000
2.000
2.000
2.000
2.000
2.000
2.000
2.000
2.000
2.000
2.000
2.000
2.000
2.000
2.000
2.000
2.000
2.000
2.000
2.000
2.000
2.000
2.000
2.000
2.000
2.000
2.000
2.000
2.000
2.000
2.000
2.000
2.000
2.000
2.000
2.000
2.000
2.000
2.000
2.000
2.000
2.000
2.000
2.000
2.000
2.000
2.000
1.791
1.791
1.791
1.791
1.791
1.791
1.766
1.714
1.673
1.657
1.607
1.576
1.553
1.514
1.488
1.473
1.428
1.403
1.389
1.358
1.350
1.313
1.308
1.282
1.258
1.244
1.229
1.229
1.198
1.185
1.167
1.149
1.141
1.126
1.112
1.093
1.087
1.077
1.057
1.048
1.037
1.022
1.020
1.004
0.992
0.985
0.973
0.949
0.946
0.936
0.936
0.922
0.913
0.910
0.890
0.881
0.876
0.873
0.862
0.861
0.854
0.836
0.832
0.820
0.815
0.814
0.806
0.802
0.797
0.786
0.786
0.777
0.777
0.762
0.759
0.751
0.743
0.742
0.738
0.738
0.727
0.726
0.722
0.719
0.719
0.712
0.703
0.697
0.692
0.690
0.682
0.682
0.682
0.677
0.668
0.659
0.659
0.662
0.657
0.656
0.656
0.644
0.643
0.643
0.635
0.634
0.631
0.630
0.625
0.622
0.622
0.621
0.615
0.611
0.609
0.607
0.607
0.601
0.601
0.593
0.591
0.585
0.582
0.582
0.582
0.580
0.576
0.581
0.576
0.576
0.576
0.576
0.571
0.571
0.564
0.571
0.564
0.563
0.559
0.549
0.549
0.549
0.549
0.549
0.549
0.544
0.543
0.544
0.540
0.539
0.540
0.539
0.539
