512
0.583
0.583
0.589
0.660
0.660
0.813
0.813
0.870
0.951
0.961
0.961
0.959
0.957
0.957
0.942
0.942
0.942
0.942
0.939
0.942
0.942
0.943
0.944
0.944
0.943
0.943
0.940
0.940
0.938
0.938
0.938
0.938
0.938
0.943
0.946
0.946
0.945
0.946
0.946
0.951
0.956
0.956
0.956
0.957
0.953
0.953
0.962
0.962
0.962
0.962
0.962
0.963
0.967
0.967
0.967
0.971
0.973
0.976
0.978
0.978
0.978
0.981
0.981
0.995
0.996
0.997
1.000
1.001
1.001
1.002
1.012
1.014
1.018
1.020
1.021
1.021
1.025
1.026
1.026
1.035
1.037
1.038
1.040
1.046
1.049
1.057
1.057
1.065
1.070
1.075
1.076
1.077
1.080
1.080
1.090
1.099
1.102
1.102
1.111
1.113
1.113
1.121
1.128
1.137
1.138
1.151
1.152
1.152
1.163
1.167
1.171
1.177
1.182
1.188
1.194
1.200
1.211
1.215
1.221
1.225
1.236
1.239
1.245
1.261
1.269
1.272
1.278
1.294
1.297
1.306
1.317
1.320
1.333
1.344
1.356
1.360
1.369
1.383
1.386
1.405
1.406
1.412
1.421
1.432
1.452
1.452
1.469
1.473
1.498
1.510
1.511
1.523
1.542
1.549
1.560
1.578
1.586
1.606
1.615
1.637
1.656
1.672
1.673
1.685
1.705
1.720
1.737
1.752
1.773
1.776
1.802
1.805
1.839
1.858
1.890
1.898
1.905
1.954
1.955
1.979
2.008
2.013
2.038
2.080
2.135
2.165
2.208
2.240
2.272
2.385
2.423
0.050
0.050
0.050
0.050
0.050
0.050
0.050
0.050
0.050
0.050
0.050
0.050
0.050
0.050
0.050
0.050
0.050
0.050
0.050
0.050
0.050
0.050
0.050
0.050
0.050
0.050
0.050
0.050
0.050
0.050
0.050
0.050
0.050
0.050
0.050
0.050
0.050
0.050
0.050
0.050
0.050
0.050
0.050
0.050
0.050
0.050
0.050
0.050
0.050
0.050
0.050
0.050
0.050
0.050
0.050
0.050
0.050
0.050
0.050
0.050
0.050
0.050
0.050
0.050
0.050
0.050
0.050
0.050
0.050
0.050
0.050
0.050
0.050
0.050
0.050
0.050
0.050
0.050
0.050
0.050
0.050
0.050
0.050
0.050
0.050
0.050
0.050
0.050
0.050
0.050
0.050
0.050
0.050
1.957
1.890
1.828
1.770
1.715
1.664
1.615
1.570
1.527
1.486
1.448
1.412
1.377
1.344
1.313
1.283
1.254
1.227
1.201
1.176
1.153
1.130
1.108
1.087
1.067
1.047
1.028
1.010
0.993
0.976
0.960
0.945
0.930
0.915
0.901
0.887
0.874
0.862
0.849
0.837
0.826
0.814
0.803
0.793
0.783
0.773
0.763
0.753
0.744
0.735
0.727
0.718
0.710
0.702
0.694
0.686
0.679
0.672
0.665
0.658
0.651
0.644
0.638
0.632
0.625
0.619
0.614
0.608
0.602
0.597
0.591
0.586
0.581
0.576
0.571
0.566
0.562
0.557
0.553
0.548
0.544
0.540
0.536
0.531
0.527
0.524
0.520
0.516
0.512
0.509
0.505
0.502
0.498
0.495
0.492
0.488
0.485
0.482
0.479
0.476
0.473
0.470
0.468
0.465
0.462
0.459
0.457
0.454
0.452
0.449
0.447
0.444
0.442
0.440
0.437
0.435
0.433
0.431
0.429
0.427
0.425
0.423
0.421
0.419
0.417
0.415
0.413
0.411
0.409
0.408
0.406
0.404
0.403
0.401
0.399
0.398
0.396
0.395
0.393
0.392
0.390
0.389
0.387
0.386
0.385
0.383
0.382
0.381
0.380
0.378
0.377
0.376
0.375
0.374
0.373
0.371
0.370
0.369
0.368
0.367
0.366
0.365
0.364
0.363
0.362
0.361
0.361
0.360
0.359
0.358
0.357
0.356
0.356
0.355
0.354
0.353
0.353
0.352
0.351
0.351
0.350
0.349
0.349
0.348
0.347
0.347
0.346
0.346
0.345
0.345
0.344
0.344
0.343
0.343
0.342
0.342
0.341
0.341
0.341
0.340
0.340
0.340
0.339
0.339
0.339
0.338
0.338
0.338
0.337
0.337
0.337
0.337
0.337
0.336
0.336
0.336
0.336
0.336
0.336
0.335
0.335
0.335
0.335
0.335
0.335
0.335
0.335
0.335
