180
3.078
3.078
3.052
3.032
3.024
3.002
2.993
2.965
2.954
2.942
2.937
2.927
2.913
2.911
2.910
2.896
2.877
2.867
2.855
2.850
2.839
2.829
2.828
2.807
2.805
2.788
2.771
2.770
2.769
2.767
2.759
2.749
2.738
2.733
2.730
2.697
2.696
2.696
2.692
2.676
2.676
2.676
2.663
2.663
2.654
2.650
2.642
2.637
2.631
2.630
2.628
2.628
2.610
2.600
2.600
2.588
2.586
2.583
2.581
2.567
2.567
2.567
2.565
2.579
2.579
2.555
2.555
2.552
2.550
2.540
2.548
2.540
2.540
2.539
2.536
2.530
2.530
2.525
2.524
2.522
2.524
2.520
2.524
2.523
2.523
2.518
2.518
2.518
2.518
2.517
2.526
2.526
2.516
2.516
2.516
2.516
2.516
2.516
2.516
2.522
2.522
2.512
2.512
2.512
2.512
2.512
2.512
2.512
2.512
2.517
2.517
2.517
2.517
2.520
2.520
2.520
2.527
2.529
2.529
2.529
2.527
2.529
2.536
2.556
2.545
2.556
2.556
2.560
2.561
2.563
2.570
2.573
2.577
2.577
2.579
2.592
2.592
2.592
2.592
2.601
2.605
2.614
2.626
2.629
2.628
2.628
2.628
2.628
1.424
1.408
1.378
1.349
1.325
1.306
1.270
1.248
1.216
1.212
1.180
1.179
1.179
1.174
1.179
1.179
1.179
1.183
1.190
1.191
1.199
1.200
1.202
1.208
1.210
1.212
1.215
1.217
1.217
1.221
1.222
1.224
