0 REF 20.208 23.149 0.000 0.000 0.000 1.000 0.001 2.000 190.000 2.000 190.000 2.000 190.000 2.000 190.000 3.000 0.000 1.000 0.350
1 DOCK 20.208 23.149 0.000 0.000 0.000 1.000 0.001 2.000 190.000 2.000 190.000 2.000 190.000 2.000 190.000 2.000 0.000 1.000 0.350
2 LF01 0.000 0.000 0.000 0.000 0.000 -0.709 0.705 2.000 190.000 2.000 190.000 2.000 190.000 2.000 190.000 2.000 0.000 1.000 0.350
3 L3Ward3 26.447 33.889 0.000 0.000 0.000 0.927 0.375 2.000 190.000 2.000 190.000 2.000 190.000 2.000 190.000 3.000 0.000 1.000 0.8
4 L4Ward4 26.467 33.874 0.000 0.000 0.000 0.929 0.370 2.000 190.000 2.000 190.000 2.000 190.000 2.000 190.000 3.000 0.000 1.000 0.9
5 L5Ward5 26.467 33.874 0.000 0.000 0.000 0.929 0.370 2.000 190.000 2.000 190.000 2.000 190.000 2.000 190.000 3.000 0.000 1.000 0.9
6 L6Ward6 26.467 33.874 0.000 0.000 0.000 0.929 0.370 2.000 190.000 2.000 190.000 2.000 190.000 2.000 190.000 3.000 0.000 1.000 0.9
7 L7Ward7 26.467 33.874 0.000 0.000 0.000 0.929 0.370 2.000 190.000 2.000 190.000 2.000 190.000 2.000 190.000 3.000 0.000 1.000 0.9
8 L8Ward8 26.467 33.874 0.000 0.000 0.000 0.929 0.370 2.000 190.000 2.000 190.000 2.000 190.000 2.000 190.000 3.000 0.000 1.000 0.9
9 L9Ward9 26.467 33.874 0.000 0.000 0.000 0.929 0.370 2.000 190.000 2.000 190.000 2.000 190.000 2.000 190.000 3.000 0.000 1.000 0.9
10 L10StaffDorm 26.467 33.874 0.000 0.000 0.000 0.929 0.370 2.000 190.000 2.000 190.000 2.000 190.000 2.000 190.000 3.0 0.0 1.0 0.9
11 L11Kitchen 26.467 33.874 0.000 0.000 0.000 0.929 0.370 2.000 190.000 2.000 190.000 2.000 190.000 2.000 190.000 3.0 0.0 1.0 0.8
12 LF11 0.000 0.000 0.000 0.000 0.000 -0.709 0.705 2.000 190.000 2.000 190.000 2.000 190.000 2.000 190.000 2.000 0.000 1.000 0.350
13 LF12 0.000 0.000 0.000 0.000 0.000 -0.709 0.705 2.000 190.000 2.000 190.000 2.000 190.000 2.000 190.000 2.000 0.000 1.000 0.350
14 LF13 0.000 0.000 0.000 0.000 0.000 -0.709 0.705 2.000 190.000 2.000 190.000 2.000 190.000 2.000 190.000 2.000 0.000 1.000 0.350
15 LF14 0.000 0.000 0.000 0.000 0.000 -0.709 0.705 2.000 190.000 2.000 190.000 2.000 190.000 2.000 190.000 2.000 0.000 1.000 0.350
16 LF15 0.000 0.000 0.000 0.000 0.000 -0.709 0.705 2.000 190.000 2.000 190.000 2.000 190.000 2.000 190.000 2.000 0.000 1.000 0.350
17 LF16 0.000 0.000 0.000 0.000 0.000 -0.709 0.705 2.000 190.000 2.000 190.000 2.000 190.000 2.000 190.000 2.000 0.000 1.000 0.350
18 LF17 0.000 0.000 0.000 0.000 0.000 -0.709 0.705 2.000 190.000 2.000 190.000 2.000 190.000 2.000 190.000 2.000 0.000 1.000 0.350
19 LF18 0.000 0.000 0.000 0.000 0.000 -0.709 0.705 2.000 190.000 2.000 190.000 2.000 190.000 2.000 190.000 2.000 0.000 1.000 0.350
20 LF19 0.000 0.000 0.000 0.000 0.000 -0.709 0.705 2.000 190.000 2.000 190.000 2.000 190.000 2.000 190.000 2.000 0.000 1.000 0.350
21 LF01A 0.000 0.000 0.000 0.000 0.000 -0.709 0.705 2.000 190.000 2.000 190.000 2.000 190.000 2.000 190.000 2.000 0.000 1.000 0.350
22 LF02A 0.000 0.000 0.000 0.000 0.000 -0.709 0.705 2.000 190.000 2.000 190.000 2.000 190.000 2.000 190.000 2.000 0.000 1.000 0.350
23 LF03A 0.000 0.000 0.000 0.000 0.000 -0.709 0.705 2.000 190.000 2.000 190.000 2.000 190.000 2.000 190.000 2.000 0.000 1.000 0.350
24 LF04A 0.000 0.000 0.000 0.000 0.000 -0.709 0.705 2.000 190.000 2.000 190.000 2.000 190.000 2.000 190.000 2.000 0.000 1.000 0.350
25 LF05A 0.000 0.000 0.000 0.000 0.000 -0.709 0.705 2.000 190.000 2.000 190.000 2.000 190.000 2.000 190.000 2.000 0.000 1.000 0.350
26 LF06A 0.000 0.000 0.000 0.000 0.000 -0.709 0.705 2.000 190.000 2.000 190.000 2.000 190.000 2.000 190.000 2.000 0.000 1.000 0.350
27 LF07A 0.000 0.000 0.000 0.000 0.000 -0.709 0.705 2.000 190.000 2.000 190.000 2.000 190.000 2.000 190.000 2.000 0.000 1.000 0.350
28 LF08A 0.000 0.000 0.000 0.000 0.000 -0.709 0.705 2.000 190.000 2.000 190.000 2.000 190.000 2.000 190.000 2.000 0.000 1.000 0.350
29 LF09A 0.000 0.000 0.000 0.000 0.000 -0.709 0.705 2.000 190.000 2.000 190.000 2.000 190.000 2.000 190.000 2.000 0.000 1.000 0.350
30 LF10A 0.000 0.000 0.000 0.000 0.000 -0.709 0.705 2.000 190.000 2.000 190.000 2.000 190.000 2.000 190.000 2.000 0.000 1.000 0.350
31 LF11A 0.000 0.000 0.000 0.000 0.000 -0.709 0.705 2.000 190.000 2.000 190.000 2.000 190.000 2.000 190.000 2.000 0.000 1.000 0.350
32 LF01B 0.000 0.000 0.000 0.000 0.000 -0.709 0.705 2.000 190.000 2.000 190.000 2.000 190.000 2.000 190.000 2.000 0.000 1.000 0.350
33 LF02B 0.000 0.000 0.000 0.000 0.000 -0.709 0.705 2.000 190.000 2.000 190.000 2.000 190.000 2.000 190.000 2.000 0.000 1.000 0.350
34 LF03B 0.000 0.000 0.000 0.000 0.000 -0.709 0.705 2.000 190.000 2.000 190.000 2.000 190.000 2.000 190.000 2.000 0.000 1.000 0.350
35 LF04B 0.000 0.000 0.000 0.000 0.000 -0.709 0.705 2.000 190.000 2.000 190.000 2.000 190.000 2.000 190.000 2.000 0.000 1.000 0.350
36 LF05B 0.000 0.000 0.000 0.000 0.000 -0.709 0.705 2.000 190.000 2.000 190.000 2.000 190.000 2.000 190.000 2.000 0.000 1.000 0.350
37 LF06B 0.000 0.000 0.000 0.000 0.000 -0.709 0.705 2.000 190.000 2.000 190.000 2.000 190.000 2.000 190.000 2.000 0.000 1.000 0.350
38 LF07B 0.000 0.000 0.000 0.000 0.000 -0.709 0.705 2.000 190.000 2.000 190.000 2.000 190.000 2.000 190.000 2.000 0.000 1.000 0.350
39 LF08B 0.000 0.000 0.000 0.000 0.000 -0.709 0.705 2.000 190.000 2.000 190.000 2.000 190.000 2.000 190.000 2.000 0.000 1.000 0.350
40 LF09B 0.000 0.000 0.000 0.000 0.000 -0.709 0.705 2.000 190.000 2.000 190.000 2.000 190.000 2.000 190.000 2.000 0.000 1.000 0.350
41 LF10B 0.000 0.000 0.000 0.000 0.000 -0.709 0.705 2.000 190.000 2.000 190.000 2.000 190.000 2.000 190.000 2.000 0.000 1.000 0.350
42 LF11B 0.000 0.000 0.000 0.000 0.000 -0.709 0.705 2.000 190.000 2.000 190.000 2.000 190.000 2.000 190.000 2.000 0.000 1.000 0.350
43 LF12B 0.000 0.000 0.000 0.000 0.000 -0.709 0.705 2.000 190.000 2.000 190.000 2.000 190.000 2.000 190.000 2.000 0.000 1.000 0.350
44 LF13B 0.000 0.000 0.000 0.000 0.000 -0.709 0.705 2.000 190.000 2.000 190.000 2.000 190.000 2.000 190.000 2.000 0.000 1.000 0.350
45 LFOUT 18.995 21.000 0.000 -0.000 -0.000 0.006 1.000 2.000 190.000 2.000 190.000 2.000 -90.000 2.000 190.000 0.000 0.000 1.000 0.350
46 LFLBD 27.784 33.208 0.000 0.000 0.000 -0.370 0.929 2.000 190.000 2.000 190.000 2.000 190.000 2.000 190.000 0.000 0.000 1.000 0.350
47 LFRA 25.237 34.575 0.000 -0.000 -0.000 0.385 0.923 2.000 190.000 2.000 190.000 2.000 190.000 2.000 190.000 0.000 0.000 1.000 0.350
48 LFIN 23.355 32.628 0.000 0.000 0.000 0.924 -0.382 2.000 190.000 2.000 190.000 2.000 190.000 2.000 190.000 0.000 0.000 1.000 0.350
49 LFLD 25.423 34.795 0.000 0.000 0.000 0.916 -0.400 2.000 190.000 2.000 190.000 -0.30 190.000 2.000 190.000 2.000 0.000 1.000 0.350
50 LB01 0.000 0.000 0.000 0.000 0.000 -0.709 0.705 2.000 190.000 2.000 190.000 2.000 190.000 2.000 190.000 2.000 0.000 1.000 0.350
51 MSTORE 0.000 0.000 0.000 0.000 0.000 -0.709 0.705 2.000 190.000 2.000 190.000 2.000 190.000 2.000 190.000 2.000 0.000 1.000 0.350
52 HALAL 0.000 0.000 0.000 0.000 0.000 -0.709 0.705 2.000 190.000 2.000 190.000 2.000 190.000 2.000 190.000 2.000 0.000 1.000 0.350
53 LB04 0.000 0.000 0.000 0.000 0.000 -0.709 0.705 2.000 190.000 2.000 190.000 2.000 190.000 2.000 190.000 2.000 0.000 1.000 0.350
54 LB05 0.000 0.000 0.000 0.000 0.000 -0.709 0.705 2.000 190.000 2.000 190.000 2.000 190.000 2.000 190.000 2.000 0.000 1.000 0.350
55 LB06 0.000 0.000 0.000 0.000 0.000 -0.709 0.705 2.000 190.000 2.000 190.000 2.000 190.000 2.000 190.000 2.000 0.000 1.000 0.350
56 LB07 0.000 0.000 0.000 0.000 0.000 -0.709 0.705 2.000 190.000 2.000 190.000 2.000 190.000 2.000 190.000 2.000 0.000 1.000 0.350
57 LB08 0.000 0.000 0.000 0.000 0.000 -0.709 0.705 2.000 190.000 2.000 190.000 2.000 190.000 2.000 190.000 2.000 0.000 1.000 0.350
58 LB09 0.000 0.000 0.000 0.000 0.000 -0.709 0.705 2.000 190.000 2.000 190.000 2.000 190.000 2.000 190.000 2.000 0.000 1.000 0.350
59 LB10 0.000 0.000 0.000 0.000 0.000 -0.709 0.705 2.000 190.000 2.000 190.000 2.000 190.000 2.000 190.000 2.000 0.000 1.000 0.350
60 LBLD 30.165 30.976 0.000 0.000 0.000 0.921 0.389 2.000 190.000 2.000 190.000 2.000 190.000 2.000 190.000 2.000 0.000 1.000 0.350
61 LB12 0.000 0.000 0.000 0.000 0.000 -0.709 0.705 2.000 190.000 2.000 190.000 2.000 190.000 2.000 190.000 2.000 0.000 1.000 0.350
62 LB13 0.000 0.000 0.000 0.000 0.000 -0.709 0.705 2.000 190.000 2.000 190.000 2.000 190.000 2.000 190.000 2.000 0.000 1.000 0.350
63 LB14 0.000 0.000 0.000 0.000 0.000 -0.709 0.705 2.000 190.000 2.000 190.000 2.000 190.000 2.000 190.000 2.000 0.000 1.000 0.350
64 LB15 0.000 0.000 0.000 0.000 0.000 -0.709 0.705 2.000 190.000 2.000 190.000 2.000 190.000 2.000 190.000 2.000 0.000 1.000 0.350
65 LB16 0.000 0.000 0.000 0.000 0.000 -0.709 0.705 2.000 190.000 2.000 190.000 2.000 190.000 2.000 190.000 2.000 0.000 1.000 0.350
66 LB17 0.000 0.000 0.000 0.000 0.000 -0.709 0.705 2.000 190.000 2.000 190.000 2.000 190.000 2.000 190.000 2.000 0.000 1.000 0.350
67 LBLB 30.799 29.388 0.000 0.000 0.000 -0.488 0.873 2.000 190.000 2.000 190.000 2.000 190.000 2.000 190.000 0.000 0.000 1.000 0.350
68 LBLDX 0.000 0.000 0.000 0.000 0.000 -0.709 0.705 2.000 190.000 2.000 190.000 2.000 190.000 2.000 190.000 0.000 0.000 1.000 0.350
69 LBRA 0.000 0.000 0.000 0.000 0.000 -0.709 0.705 2.000 190.000 2.000 190.000 2.000 190.000 2.000 190.000 2.000 0.000 1.000 0.350
70 LU01 0.000 0.000 0.000 0.000 0.000 -0.693 0.721 2.000 190.000 2.000 190.000 2.000 190.000 2.000 190.000 2.000 0.000 1.000 0.350
71 LU02 0.000 0.000 0.000 0.000 0.000 -0.693 0.721 2.000 190.000 2.000 190.000 2.000 190.000 2.000 190.000 2.000 0.000 1.000 0.350
72 LU03 0.000 0.000 0.000 0.000 0.000 -0.693 0.721 2.000 190.000 2.000 190.000 2.000 190.000 2.000 190.000 2.000 0.000 1.000 0.350
73 L1LRm3 18.901 23.576 0.000 0.000 0.000 -0.710 0.705 2.000 190.000 2.000 190.000 2.000 190.000 2.000 190.000 2.000 2.000 1.000 0.50
74 L1LRm4 0.000 0.000 0.000 0.000 0.000 -0.693 0.721 2.000 190.000 2.000 190.000 2.000 190.000 2.000 190.000 2.000 0.000 1.000 0.350
75 L1LRm5 0.000 0.000 0.000 0.000 0.000 -0.693 0.721 2.000 190.000 2.000 190.000 2.000 190.000 2.000 190.000 2.000 0.000 1.000 0.350
76 L1LRm6 0.000 0.000 0.000 0.000 0.000 -0.693 0.721 2.000 190.000 2.000 190.000 2.000 190.000 2.000 190.000 2.000 0.000 1.000 0.350
77 L1LRm7 0.000 0.000 0.000 0.000 0.000 -0.693 0.721 2.000 190.000 2.000 190.000 2.000 190.000 2.000 190.000 2.000 0.000 1.000 0.350
78 L1LRm8 0.000 0.000 0.000 0.000 0.000 -0.693 0.721 2.000 190.000 2.000 190.000 2.000 190.000 2.000 190.000 2.000 0.000 1.000 0.350
79 L1LRm9 0.000 0.000 0.000 0.000 0.000 -0.693 0.721 2.000 190.000 2.000 190.000 2.000 190.000 2.000 190.000 2.000 0.000 1.000 0.350
80 LU11 0.000 0.000 0.000 0.000 0.000 -0.693 0.721 2.000 190.000 2.000 190.000 2.000 190.000 2.000 190.000 2.000 0.000 1.000 0.350
81 LU12 0.000 0.000 0.000 0.000 0.000 -0.693 0.721 2.000 190.000 2.000 190.000 2.000 190.000 2.000 190.000 2.000 0.000 1.000 0.350
82 LU13 0.000 0.000 0.000 0.000 0.000 -0.693 0.721 2.000 190.000 2.000 190.000 2.000 190.000 2.000 190.000 2.000 0.000 1.000 0.350
83 LU14 0.000 0.000 0.000 0.000 0.000 -0.693 0.721 2.000 190.000 2.000 190.000 2.000 190.000 2.000 190.000 2.000 0.000 1.000 0.350
84 LU15 0.000 0.000 0.000 0.000 0.000 -0.693 0.721 2.000 190.000 2.000 190.000 2.000 190.000 2.000 190.000 2.000 0.000 1.000 0.350
85 LU16 0.000 0.000 0.000 0.000 0.000 -0.693 0.721 2.000 190.000 2.000 190.000 2.000 190.000 2.000 190.000 2.000 0.000 1.000 0.350
86 LUENT1 19.024 20.956 0.000 0.000 0.000 -0.004 1.000 2.000 190.000 2.000 190.000 2.000 -90.000 2.000 190.000 2.000 0.000 1.000 0.350
87 LURET 18.797 20.704 0.000 0.000 0.000 -0.697 0.717 2.000 190.000 2.000 190.000 2.000 -180.000 2.000 190.000 3.000 0.000 1.000 0.350
88 LUENT 18.974 22.578 0.000 0.000 0.000 -0.701 0.713 2.000 190.000 2.000 190.000 2.000 190.000 2.000 190.000 3.000 0.000 1.000 0.350
89 LULB 26.009 20.949 0.000 0.000 0.000 -0.003 1.000 2.000 190.000 2.000 190.000 2.000 190.000 2.000 190.000 0.000 0.000 1.000 0.350
