0.000000,17.576614
0.001000,17.622180
0.002000,17.667746
0.003000,17.713313
0.004000,17.758879
0.005000,17.804445
0.006000,17.850011
0.007000,17.895577
0.008000,17.941143
0.009000,17.986710
0.010000,18.032276
0.011000,18.077842
0.012000,18.123408
0.013000,18.168974
0.014000,18.214541
0.015000,18.260107
0.016000,18.305673
0.017000,18.351239
0.018000,18.396805
0.019000,18.442371
0.020000,18.487938
0.021000,18.533504
0.022000,18.579070
0.023000,18.624636
0.024000,18.670202
0.025000,18.715769
0.026000,18.761335
0.027000,18.806901
0.028000,18.852467
0.029000,18.898033
0.030000,18.943599
0.031000,18.989166
0.032000,19.034732
0.033000,19.080298
0.034000,19.125864
0.035000,19.171430
0.036000,19.216996
0.037000,19.262563
0.038000,19.308129
0.039000,19.353695
0.040000,19.399261
0.041000,19.444827
0.042000,19.490394
0.043000,19.535960
0.044000,19.581526
0.045000,19.627092
0.046000,19.672658
0.047000,19.718224
0.048000,19.763791
0.049000,19.809357
0.050000,19.854923
0.051000,19.900489
0.052000,19.946055
0.053000,19.991622
0.054000,20.037188
0.055000,20.082754
0.056000,20.128320
0.057000,20.173886
0.058000,20.219452
0.059000,20.265019
0.060000,20.310585
0.061000,20.356151
0.062000,20.401717
0.063000,20.447283
0.064000,20.492850
0.065000,20.538416
0.066000,20.583982
0.067000,20.629548
0.068000,20.675114
0.069000,20.720680
0.070000,20.766247
0.071000,20.811813
0.072000,20.857379
0.073000,20.902945
0.074000,20.948511
0.075000,20.994077
0.076000,21.039644
0.077000,21.085210
0.078000,21.130776
0.079000,21.176342
0.080000,21.221908
0.081000,21.267475
0.082000,21.313041
0.083000,21.358607
0.084000,21.404173
0.085000,21.449739
0.086000,21.495305
0.087000,21.540872
0.088000,21.586438
0.089000,21.632004
0.090000,21.677570
0.091000,21.723136
0.092000,21.768703
0.093000,21.814269
0.094000,21.859835
0.095000,21.905401
0.096000,21.950967
0.097000,21.996533
0.098000,22.042100
0.099000,22.087666
0.100000,22.188183
0.101000,22.201977
0.102000,22.215629
0.103000,22.229140
0.104000,22.242511
0.105000,22.255743
0.106000,22.268839
0.107000,22.281798
0.108000,22.294624
0.109000,22.307316
0.110000,22.319877
0.111000,22.332307
0.112000,22.344608
0.113000,22.356781
0.114000,22.368827
0.115000,22.380748
0.116000,22.392545
0.117000,22.404219
0.118000,22.415772
0.119000,22.427204
0.120000,22.438517
0.121000,22.449713
0.122000,22.460791
0.123000,22.471754
0.124000,22.482603
0.125000,22.493339
0.126000,22.503962
0.127000,22.514475
0.128000,22.524878
0.129000,22.535173
0.130000,22.545360
0.131000,22.555441
0.132000,22.565417
0.133000,22.575288
0.134000,22.585057
0.135000,22.594724
0.136000,22.604291
0.137000,22.613757
0.138000,22.623125
0.139000,22.632396
0.140000,22.641570
0.141000,22.650648
0.142000,22.659632
0.143000,22.668523
0.144000,22.677322
0.145000,22.686029
0.146000,22.694645
0.147000,22.703173
0.148000,22.711612
0.149000,22.719964
0.150000,22.728229
0.151000,22.736409
0.152000,22.744504
0.153000,22.752516
0.154000,22.760445
0.155000,22.768293
0.156000,22.776060
0.157000,22.783747
0.158000,22.791355
0.159000,22.798885
0.160000,22.806338
0.161000,22.813715
0.162000,22.821017
0.163000,22.828244
0.164000,22.835398
0.165000,22.842479
0.166000,22.849488
0.167000,22.856427
0.168000,22.863295
0.169000,22.870093
0.170000,22.876824
0.171000,22.883486
0.172000,22.890082
0.173000,22.896611
0.174000,22.903076
0.175000,22.909476
0.176000,22.915812
0.177000,22.922085
0.178000,22.928297
0.179000,22.934447
0.180000,22.940536
0.181000,22.946565
0.182000,22.952536
0.183000,22.958448
0.184000,22.964302
0.185000,22.970100
0.186000,22.975841
0.187000,22.981527
0.188000,22.987158
0.189000,22.992735
0.190000,22.998258
0.191000,23.003729
0.192000,23.009148
0.193000,23.014516
0.194000,23.019833
0.195000,23.025100
0.196000,23.030317
0.197000,23.035486
0.198000,23.040607
0.199000,23.045681
0.200000,23.050708
0.201000,23.055688
0.202000,23.060624
0.203000,23.065514
0.204000,23.070360
0.205000,23.075162
0.206000,23.079922
0.207000,23.084638
0.208000,23.089313
0.209000,23.093947
0.210000,23.098539
0.211000,23.103092
0.212000,23.107605
0.213000,23.112079
0.214000,23.116515
0.215000,23.120912
0.216000,23.125272
0.217000,23.129596
0.218000,23.133883
0.219000,23.138134
0.220000,23.142350
0.221000,23.146531
0.222000,23.150677
0.223000,23.154791
0.224000,23.158870
0.225000,23.162917
0.226000,23.166932
0.227000,23.170915
0.228000,23.174867
0.229000,23.178788
0.230000,23.182679
0.231000,23.186539
0.232000,23.190371
0.233000,23.194173
0.234000,23.197947
0.235000,23.201692
0.236000,23.205411
0.237000,23.209102
0.238000,23.212766
0.239000,23.216403
0.240000,23.220015
0.241000,23.223602
0.242000,23.227163
0.243000,23.230700
0.244000,23.234212
0.245000,23.237701
0.246000,23.241166
0.247000,23.244608
0.248000,23.248027
0.249000,23.251424
0.250000,23.254799
0.251000,23.258153
0.252000,23.261485
0.253000,23.264796
0.254000,23.268087
0.255000,23.271358
0.256000,23.274609
0.257000,23.277841
0.258000,23.281054
0.259000,23.284248
0.260000,23.287423
0.261000,23.290581
0.262000,23.293720
0.263000,23.296843
0.264000,23.299948
0.265000,23.303036
0.266000,23.306108
0.267000,23.309164
0.268000,23.312204
0.269000,23.315228
0.270000,23.318238
0.271000,23.321232
0.272000,23.324211
0.273000,23.327176
0.274000,23.330127
0.275000,23.333065
0.276000,23.335988
0.277000,23.338899
0.278000,23.341796
0.279000,23.344680
0.280000,23.347552
0.281000,23.350412
0.282000,23.353260
0.283000,23.356096
0.284000,23.358921
0.285000,23.361734
0.286000,23.364536
0.287000,23.367328
0.288000,23.370109
0.289000,23.372879
0.290000,23.375640
0.291000,23.378391
0.292000,23.381132
0.293000,23.383863
0.294000,23.386586
0.295000,23.389299
0.296000,23.392004
0.297000,23.394700
0.298000,23.397387
0.299000,23.400067
0.300000,23.402738
0.301000,23.405401
0.302000,23.408057
0.303000,23.410706
0.304000,23.413347
0.305000,23.415981
0.306000,23.418608
0.307000,23.421229
0.308000,23.423843
0.309000,23.426450
0.310000,23.429052
0.311000,23.431647
0.312000,23.434236
0.313000,23.436820
0.314000,23.439398
0.315000,23.441970
0.316000,23.444538
0.317000,23.447100
0.318000,23.449657
0.319000,23.452209
0.320000,23.454757
0.321000,23.457300
0.322000,23.459838
0.323000,23.462372
0.324000,23.464902
0.325000,23.467428
0.326000,23.469950
0.327000,23.472468
0.328000,23.474983
0.329000,23.477494
0.330000,23.480001
0.331000,23.482505
0.332000,23.485006
0.333000,23.487504
0.334000,23.489999
0.335000,23.492491
0.336000,23.494980
0.337000,23.497466
0.338000,23.499950
0.339000,23.502431
0.340000,23.504909
0.341000,23.507386
0.342000,23.509860
0.343000,23.512332
0.344000,23.514802
0.345000,23.517269
0.346000,23.519735
0.347000,23.522200
0.348000,23.524662
0.349000,23.527122
0.350000,23.529582
0.351000,23.532039
0.352000,23.534495
0.353000,23.536950
0.354000,23.539403
0.355000,23.541855
0.356000,23.544306
0.357000,23.546755
0.358000,23.549204
0.359000,23.551651
0.360000,23.554098
0.361000,23.556544
0.362000,23.558988
0.363000,23.561432
0.364000,23.563875
0.365000,23.566318
0.366000,23.568760
0.367000,23.571201
0.368000,23.573641
0.369000,23.576081
0.370000,23.578521
0.371000,23.580960
0.372000,23.583398
0.373000,23.585836
0.374000,23.588274
0.375000,23.590711
0.376000,23.593149
0.377000,23.595585
0.378000,23.598022
0.379000,23.600458
0.380000,23.602895
0.381000,23.605331
0.382000,23.607767
0.383000,23.610202
0.384000,23.612638
0.385000,23.615074
0.386000,23.617509
0.387000,23.619945
0.388000,23.622380
0.389000,23.624816
0.390000,23.627251
0.391000,23.629687
0.392000,23.632122
0.393000,23.634558
0.394000,23.636993
0.395000,23.639429
0.396000,23.641865
0.397000,23.644300
0.398000,23.646736
0.399000,23.649172
0.400000,23.651608
0.401000,23.654044
0.402000,23.656480
0.403000,23.658916
0.404000,23.661353
0.405000,23.663789
0.406000,23.666226
0.407000,23.668662
0.408000,23.671099
0.409000,23.673536
0.410000,23.675972
0.411000,23.678409
0.412000,23.680846
0.413000,23.683283
0.414000,23.685720
0.415000,23.688157
0.416000,23.690594
0.417000,23.693031
0.418000,23.695468
0.419000,23.697905
0.420000,23.700342
0.421000,23.702779
0.422000,23.705215
0.423000,23.707652
0.424000,23.710089
0.425000,23.712525
0.426000,23.714962
0.427000,23.717398
0.428000,23.719834
0.429000,23.722270
0.430000,23.724706
0.431000,23.727142
0.432000,23.729577
0.433000,23.732012
0.434000,23.734447
0.435000,23.736881
0.436000,23.739315
0.437000,23.741749
0.438000,23.744183
0.439000,23.746616
0.440000,23.749049
0.441000,23.751481
0.442000,23.753913
0.443000,23.756344
0.444000,23.758775
0.445000,23.761205
0.446000,23.763635
0.447000,23.766064
0.448000,23.768493
0.449000,23.770921
0.450000,23.773348
0.451000,23.775775
0.452000,23.778201
0.453000,23.780626
0.454000,23.783050
0.455000,23.785474
0.456000,23.787897
0.457000,23.790319
0.458000,23.792740
0.459000,23.795160
0.460000,23.797579
0.461000,23.799998
0.462000,23.802415
0.463000,23.804831
0.464000,23.807246
0.465000,23.809661
0.466000,23.812074
0.467000,23.814486
0.468000,23.816896
0.469000,23.819306
0.470000,23.821714
0.471000,23.824121
0.472000,23.826527
0.473000,23.828932
0.474000,23.831335
0.475000,23.833737
0.476000,23.836137
0.477000,23.838536
0.478000,23.840934
0.479000,23.843330
0.480000,23.845724
0.481000,23.848117
0.482000,23.850508
0.483000,23.852898
0.484000,23.855286
0.485000,23.857673
0.486000,23.860057
0.487000,23.862440
0.488000,23.864822
0.489000,23.867201
0.490000,23.869579
0.491000,23.871955
0.492000,23.874329
0.493000,23.876701
0.494000,23.879071
0.495000,23.881439
0.496000,23.883805
0.497000,23.886170
0.498000,23.888532
0.499000,23.890892
0.500000,23.893250
0.501000,23.895606
0.502000,23.897960
0.503000,23.900311
0.504000,23.902661
0.505000,23.905008
0.506000,23.907353
0.507000,23.909696
0.508000,23.912036
0.509000,23.914374
0.510000,23.916710
0.511000,23.919043
0.512000,23.921374
0.513000,23.923703
0.514000,23.926029
0.515000,23.928353
0.516000,23.930674
0.517000,23.932992
0.518000,23.935308
0.519000,23.937622
0.520000,23.939933
0.521000,23.942241
0.522000,23.944547
0.523000,23.946850
0.524000,23.949151
0.525000,23.951449
0.526000,23.953744
0.527000,23.956036
0.528000,23.958326
0.529000,23.960613
0.530000,23.962897
0.531000,23.965179
0.532000,23.967457
0.533000,23.969733
0.534000,23.972006
0.535000,23.974276
0.536000,23.976543
0.537000,23.978808
0.538000,23.981069
0.539000,23.983327
0.540000,23.985583
0.541000,23.987836
0.542000,23.990086
0.543000,23.992332
0.544000,23.994576
0.545000,23.996817
0.546000,23.999055
0.547000,24.001289
0.548000,24.003521
0.549000,24.005750
0.550000,24.007976
0.551000,24.010198
0.552000,24.012418
0.553000,24.014635
0.554000,24.016848
0.555000,24.019059
0.556000,24.021266
0.557000,24.023470
0.558000,24.025671
0.559000,24.027869
0.560000,24.030064
0.561000,24.032256
0.562000,24.034445
0.563000,24.036631
0.564000,24.038813
0.565000,24.040993
0.566000,24.043169
0.567000,24.045342
0.568000,24.047512
0.569000,24.049679
0.570000,24.051843
0.571000,24.054004
0.572000,24.056161
0.573000,24.058316
0.574000,24.060467
0.575000,24.062615
0.576000,24.064761
0.577000,24.066903
0.578000,24.069042
0.579000,24.071178
0.580000,24.073310
0.581000,24.075440
0.582000,24.077567
0.583000,24.079690
0.584000,24.081811
0.585000,24.083928
0.586000,24.086043
0.587000,24.088154
0.588000,24.090263
0.589000,24.092368
0.590000,24.094470
0.591000,24.096570
0.592000,24.098666
0.593000,24.100760
0.594000,24.102850
0.595000,24.104938
0.596000,24.107022
0.597000,24.109104
0.598000,24.111183
0.599000,24.113259
0.600000,24.115332
0.601000,24.117402
0.602000,24.119470
0.603000,24.121535
0.604000,24.123596
0.605000,24.125655
0.606000,24.127712
0.607000,24.129765
0.608000,24.131816
0.609000,24.133864
0.610000,24.135910
0.611000,24.137953
0.612000,24.139993
0.613000,24.142031
0.614000,24.144066
0.615000,24.146098
0.616000,24.148128
0.617000,24.150155
0.618000,24.152180
0.619000,24.154203
0.620000,24.156223
0.621000,24.158240
0.622000,24.160255
0.623000,24.162268
0.624000,24.164279
0.625000,24.166287
0.626000,24.168293
0.627000,24.170297
0.628000,24.172298
0.629000,24.174297
0.630000,24.176294
0.631000,24.178289
0.632000,24.180282
0.633000,24.182273
0.634000,24.184262
0.635000,24.186249
0.636000,24.188234
0.637000,24.190216
0.638000,24.192197
0.639000,24.194177
0.640000,24.196154
0.641000,24.198129
0.642000,24.200103
0.643000,24.202075
0.644000,24.204045
0.645000,24.206014
0.646000,24.207981
0.647000,24.209946
0.648000,24.211910
0.649000,24.213872
0.650000,24.215833
0.651000,24.217793
0.652000,24.219751
0.653000,24.221707
0.654000,24.223663
0.655000,24.225617
0.656000,24.227569
0.657000,24.229521
0.658000,24.231471
0.659000,24.233421
0.660000,24.235369
0.661000,24.237316
0.662000,24.239262
0.663000,24.241207
0.664000,24.243152
0.665000,24.245095
0.666000,24.247038
0.667000,24.248979
0.668000,24.250920
0.669000,24.252861
0.670000,24.254800
0.671000,24.256739
0.672000,24.258678
0.673000,24.260616
0.674000,24.262553
0.675000,24.264490
0.676000,24.266427
0.677000,24.268363
0.678000,24.270299
0.679000,24.272234
0.680000,24.274169
0.681000,24.276105
0.682000,24.278040
0.683000,24.279975
0.684000,24.281909
0.685000,24.283844
0.686000,24.285779
0.687000,24.287714
0.688000,24.289649
0.689000,24.291584
0.690000,24.293520
0.691000,24.295456
0.692000,24.297392
0.693000,24.299328
0.694000,24.301265
0.695000,24.303202
0.696000,24.305139
0.697000,24.307078
0.698000,24.309016
0.699000,24.310956
0.700000,24.312896
0.701000,24.314837
0.702000,24.316778
0.703000,24.318720
0.704000,24.320664
0.705000,24.322608
0.706000,24.324552
0.707000,24.326498
0.708000,24.328445
0.709000,24.330393
0.710000,24.332342
0.711000,24.334293
0.712000,24.336244
0.713000,24.338197
0.714000,24.340151
0.715000,24.342106
0.716000,24.344062
0.717000,24.346020
0.718000,24.347980
0.719000,24.349941
0.720000,24.351903
0.721000,24.353867
0.722000,24.355832
0.723000,24.357800
0.724000,24.359769
0.725000,24.361739
0.726000,24.363711
0.727000,24.365686
0.728000,24.367662
0.729000,24.369639
0.730000,24.371619
0.731000,24.373601
0.732000,24.375585
0.733000,24.377570
0.734000,24.379558
0.735000,24.381548
0.736000,24.383540
0.737000,24.385534
0.738000,24.387530
0.739000,24.389529
0.740000,24.391530
0.741000,24.393533
0.742000,24.395538
0.743000,24.397546
0.744000,24.399556
0.745000,24.401569
0.746000,24.403584
0.747000,24.405601
0.748000,24.407621
0.749000,24.409644
0.750000,24.411669
0.751000,24.413696
0.752000,24.415726
0.753000,24.417759
0.754000,24.419794
0.755000,24.421833
0.756000,24.423873
0.757000,24.425917
0.758000,24.427963
0.759000,24.430012
0.760000,24.432064
0.761000,24.434118
0.762000,24.436176
0.763000,24.438236
0.764000,24.440299
0.765000,24.442365
0.766000,24.444433
0.767000,24.446505
0.768000,24.448579
0.769000,24.450657
0.770000,24.452737
0.771000,24.454820
0.772000,24.456906
0.773000,24.458995
0.774000,24.461087
0.775000,24.463182
0.776000,24.465279
0.777000,24.467380
0.778000,24.469484
0.779000,24.471590
0.780000,24.473700
0.781000,24.475812
0.782000,24.477927
0.783000,24.480046
0.784000,24.482167
0.785000,24.484291
0.786000,24.486418
0.787000,24.488548
0.788000,24.490681
0.789000,24.492816
0.790000,24.494955
0.791000,24.497096
0.792000,24.499240
0.793000,24.501387
0.794000,24.503537
0.795000,24.505689
0.796000,24.507844
0.797000,24.510002
0.798000,24.512163
0.799000,24.514326
0.800000,24.516492
0.801000,24.518660
0.802000,24.520832
0.803000,24.523005
0.804000,24.525181
0.805000,24.527360
0.806000,24.529541
0.807000,24.531724
0.808000,24.533910
0.809000,24.536098
0.810000,24.538288
0.811000,24.540480
0.812000,24.542675
0.813000,24.544871
0.814000,24.547070
0.815000,24.549271
0.816000,24.551474
0.817000,24.553678
0.818000,24.555885
0.819000,24.558093
0.820000,24.560303
0.821000,24.562514
0.822000,24.564727
0.823000,24.566942
0.824000,24.569158
0.825000,24.571375
0.826000,24.573594
0.827000,24.575814
0.828000,24.578035
0.829000,24.580257
0.830000,24.582480
0.831000,24.584704
0.832000,24.586929
0.833000,24.589154
0.834000,24.591380
0.835000,24.593607
0.836000,24.595833
0.837000,24.598061
0.838000,24.600288
0.839000,24.602516
0.840000,24.604743
0.841000,24.606971
0.842000,24.609198
0.843000,24.611425
0.844000,24.613651
0.845000,24.615877
0.846000,24.618102
0.847000,24.620327
0.848000,24.622550
0.849000,24.624773
0.850000,24.626994
0.851000,24.629214
0.852000,24.631432
0.853000,24.633649
0.854000,24.635864
0.855000,24.638077
0.856000,24.640289
0.857000,24.642498
0.858000,24.644704
0.859000,24.646909
0.860000,24.649110
0.861000,24.651309
0.862000,24.653505
0.863000,24.655697
0.864000,24.657886
0.865000,24.660072
0.866000,24.662255
0.867000,24.664433
0.868000,24.666607
0.869000,24.668777
0.870000,24.670943
0.871000,24.673104
0.872000,24.675261
0.873000,24.677412
0.874000,24.679558
0.875000,24.681699
0.876000,24.683835
0.877000,24.685964
0.878000,24.688088
0.879000,24.690205
0.880000,24.692316
0.881000,24.694420
0.882000,24.696518
0.883000,24.698608
0.884000,24.700691
0.885000,24.702766
0.886000,24.704834
0.887000,24.706893
0.888000,24.708944
0.889000,24.710987
0.890000,24.713021
0.891000,24.715045
0.892000,24.717061
0.893000,24.719067
0.894000,24.721062
0.895000,24.723048
0.896000,24.725024
0.897000,24.726988
0.898000,24.728942
0.899000,24.730884
0.900000,24.732815
0.901000,24.734734
0.902000,24.736641
0.903000,24.738535
0.904000,24.740417
0.905000,24.742286
0.906000,24.744141
0.907000,24.745982
0.908000,24.747810
0.909000,24.749623
0.910000,24.751421
0.911000,24.753204
0.912000,24.754973
0.913000,24.756725
0.914000,24.758461
0.915000,24.760181
0.916000,24.761884
0.917000,24.763570
0.918000,24.765238
0.919000,24.766889
0.920000,24.768521
0.921000,24.770135
0.922000,24.771730
0.923000,24.773305
0.924000,24.774861
0.925000,24.776396
0.926000,24.777911
0.927000,24.779405
0.928000,24.780878
0.929000,24.782328
0.930000,24.783757
0.931000,24.785163
0.932000,24.786545
0.933000,24.787905
0.934000,24.789240
0.935000,24.790551
0.936000,24.791837
0.937000,24.793098
0.938000,24.794333
0.939000,24.795541
0.940000,24.796724
0.941000,24.797878
0.942000,24.799006
0.943000,24.800105
0.944000,24.801175
0.945000,24.802217
0.946000,24.803229
0.947000,24.804210
0.948000,24.805161
0.949000,24.806081
0.950000,24.806970
0.951000,24.807826
0.952000,24.808649
0.953000,24.809439
0.954000,24.810195
0.955000,24.810917
0.956000,24.811604
0.957000,24.812256
0.958000,24.812872
0.959000,24.813451
0.960000,24.813992
0.961000,24.814496
0.962000,24.814962
0.963000,24.815389
0.964000,24.815776
0.965000,24.816123
0.966000,24.816430
0.967000,24.816695
0.968000,24.816918
0.969000,24.817098
0.970000,24.817235
0.971000,24.817328
0.972000,24.817377
0.973000,24.817381
0.974000,24.817338
0.975000,24.817250
0.976000,24.817114
0.977000,24.816930
0.978000,24.816697
0.979000,24.816416
0.980000,24.816084
0.981000,24.815702
0.982000,24.815268
0.983000,24.814783
0.984000,24.814244
0.985000,24.813652
0.986000,24.813006
0.987000,24.812305
0.988000,24.811548
0.989000,24.810735
0.990000,24.809864
0.991000,24.808935
0.992000,24.807948
0.993000,24.806901
0.994000,24.805794
0.995000,24.804625
0.996000,25.002077
0.997000,25.315457
0.998000,25.628837
0.999000,25.942218
1.000000,26.255598
