20.2 10.9 -0.0 0.0 0.0 0.9998 -0.0214 0.0
19.4 7.1 0.0 0.0 0.0 0.0 0.0 0.0
21.4503 11.5007 -0.0 0.0 0.0 0.9998 -0.0214 0.0
19.9 10.9 0.0 0.0 0.0 0.0 1.0 0.0
19.6 10.9 0.0 0.0 0.0 0.0 1.0 0.0
19.3 10.9 0.0 0.0 0.0 0.0 1.0 0.0
19.0 10.9 0.0 0.0 0.0 0.0 1.0 0.0
18.7 10.9 0.0 0.0 0.0 0.0 1.0 0.0
18.4 10.9 0.0 0.0 0.0 0.0 1.0 0.0
18.1 10.9 0.0 0.0 0.0 0.0 1.0 0.0
17.8 10.9 0.0 0.0 0.0 1.0 0.0 0.0
17.5 10.9 0.0 0.0 0.0 1.0 0.0 0.0
17.2 10.9 0.0 0.0 0.0 1.0 0.0 0.0
16.9 10.9 0.0 0.0 0.0 1.0 0.0 0.0
16.6 10.9 0.0 0.0 0.0 1.0 0.0 0.0
16.3 10.9 0.0 0.0 0.0 1.0 0.0 0.0
16.0 10.9 0.0 0.0 0.0 1.0 0.0 0.0
15.7 10.9 0.0 0.0 0.0 1.0 0.0 0.0
15.4 10.9 0.0 0.0 0.0 1.0 0.0 0.0
15.1 10.9 0.0 0.0 0.0 1.0 0.0 0.0
14.8 10.9 0.0 0.0 0.0 1.0 0.0 0.0
14.5 10.9 0.0 0.0 0.0 1.0 0.0 0.0
14.2 10.9 0.0 0.0 0.0 1.0 0.0 0.0
13.9 10.9 0.0 0.0 0.0 1.0 0.0 0.0
13.6 10.9 0.0 0.0 0.0 1.0 0.0 0.0
13.3 10.9 0.0 0.0 0.0 1.0 0.0 0.0
13.0 10.9 0.0 0.0 0.0 1.0 0.0 0.0
12.7 10.9 0.0 0.0 0.0 1.0 0.0 0.0
12.4 10.9 0.0 0.0 0.0 1.0 0.0 0.0
12.2 10.9 0.0 0.0 0.0 1.0 0.0 1.0
12.2 10.6 0.0 0.0 0.0 1.0 0.0 0.0
12.2 10.2 0.0 0.0 0.0 1.0 0.0 1.0
12.5 10.2 0.0 0.0 0.0 1.0 0.0 0.0
12.8 10.2 0.0 0.0 0.0 1.0 0.0 0.0
13.1 10.2 0.0 0.0 0.0 1.0 0.0 0.0
13.4 10.2 0.0 0.0 0.0 1.0 0.0 0.0
13.7 10.2 0.0 0.0 0.0 1.0 0.0 0.0
14.0 10.2 0.0 0.0 0.0 1.0 0.0 0.0
14.3 10.2 0.0 0.0 0.0 1.0 0.0 0.0
14.6 10.2 0.0 0.0 0.0 1.0 0.0 0.0
14.9 10.2 0.0 0.0 0.0 1.0 0.0 0.0
15.2 10.2 0.0 0.0 0.0 1.0 0.0 0.0
15.4 10.2 0.0 0.0 0.0 1.0 0.0 1.0
15.4 9.9 0.0 0.0 0.0 1.0 0.0 0.0
15.4 9.6 0.0 0.0 0.0 1.0 0.0 0.0
15.4 9.4 0.0 0.0 0.0 1.0 0.0 1.0
15.1 9.4 0.0 0.0 0.0 1.0 0.0 0.0
14.8 9.4 0.0 0.0 0.0 1.0 0.0 0.0
14.5 9.4 0.0 0.0 0.0 1.0 0.0 0.0
14.2 9.4 0.0 0.0 0.0 1.0 0.0 0.0
13.9 9.4 0.0 0.0 0.0 1.0 0.0 0.0
13.6 9.4 0.0 0.0 0.0 1.0 0.0 0.0
13.3 9.4 0.0 0.0 0.0 1.0 0.0 0.0
13.0 9.4 0.0 0.0 0.0 1.0 0.0 0.0
12.7 9.4 0.0 0.0 0.0 1.0 0.0 0.0
12.4 9.4 0.0 0.0 0.0 1.0 0.0 0.0
12.2 9.4 0.0 0.0 0.0 1.0 0.0 1.0
12.2 9.1 0.0 0.0 0.0 1.0 0.0 0.0
12.2 8.7 0.0 0.0 0.0 1.0 0.0 1.0
12.5 8.7 0.0 0.0 0.0 1.0 0.0 0.0
12.8 8.7 0.0 0.0 0.0 1.0 0.0 0.0
13.1 8.7 0.0 0.0 0.0 1.0 0.0 0.0
13.4 8.7 0.0 0.0 0.0 1.0 0.0 0.0
13.7 8.7 0.0 0.0 0.0 1.0 0.0 0.0
14.0 8.7 0.0 0.0 0.0 1.0 0.0 0.0
14.3 8.7 0.0 0.0 0.0 1.0 0.0 0.0
14.6 8.7 0.0 0.0 0.0 1.0 0.0 0.0
14.9 8.7 0.0 0.0 0.0 1.0 0.0 0.0
15.2 8.7 0.0 0.0 0.0 1.0 0.0 0.0
15.4 8.7 0.0 0.0 0.0 1.0 0.0 1.0
15.4 8.4 0.0 0.0 0.0 1.0 0.0 0.0
15.4 8.1 0.0 0.0 0.0 1.0 0.0 0.0
15.4 7.9 0.0 0.0 0.0 1.0 0.0 1.0
15.1 7.9 0.0 0.0 0.0 1.0 0.0 0.0
14.8 7.9 0.0 0.0 0.0 1.0 0.0 0.0
14.5 7.9 0.0 0.0 0.0 1.0 0.0 0.0
14.2 7.9 0.0 0.0 0.0 1.0 0.0 0.0
13.9 7.9 0.0 0.0 0.0 1.0 0.0 0.0
13.6 7.9 0.0 0.0 0.0 1.0 0.0 0.0
13.3 7.9 0.0 0.0 0.0 1.0 0.0 0.0
13.0 7.9 0.0 0.0 0.0 1.0 0.0 0.0
12.7 7.9 0.0 0.0 0.0 1.0 0.0 0.0
12.4 7.9 0.0 0.0 0.0 1.0 0.0 0.0
12.2 7.9 0.0 0.0 0.0 1.0 0.0 1.0
12.2 7.6 0.0 0.0 0.0 1.0 0.0 0.0
12.2 7.3 0.0 0.0 0.0 1.0 0.0 0.0
12.2 7.1 0.0 0.0 0.0 1.0 0.0 1.0
12.5 7.1 0.0 0.0 0.0 1.0 0.0 0.0
12.8 7.1 0.0 0.0 0.0 1.0 0.0 0.0
13.1 7.1 0.0 0.0 0.0 1.0 0.0 0.0
13.4 7.1 0.0 0.0 0.0 1.0 0.0 0.0
13.7 7.1 0.0 0.0 0.0 1.0 0.0 0.0
14.0 7.1 0.0 0.0 0.0 1.0 0.0 0.0
14.3 7.1 0.0 0.0 0.0 1.0 0.0 0.0
14.6 7.1 0.0 0.0 0.0 1.0 0.0 0.0
14.9 7.1 0.0 0.0 0.0 1.0 0.0 0.0
15.2 7.1 0.0 0.0 0.0 1.0 0.0 0.0
15.5 7.1 0.0 0.0 0.0 1.0 0.0 0.0
15.8 7.1 0.0 0.0 0.0 1.0 0.0 0.0
16.1 7.1 0.0 0.0 0.0 1.0 0.0 0.0
16.4 7.1 0.0 0.0 0.0 1.0 0.0 0.0
16.7 7.1 0.0 0.0 0.0 1.0 0.0 0.0
17.0 7.1 0.0 0.0 0.0 1.0 0.0 0.0
17.3 7.1 0.0 0.0 0.0 1.0 0.0 0.0
17.6 7.1 0.0 0.0 0.0 1.0 0.0 0.0
17.9 7.1 0.0 0.0 0.0 1.0 0.0 0.0
18.2 7.1 0.0 0.0 0.0 1.0 0.0 0.0
18.5 7.1 0.0 0.0 0.0 1.0 0.0 0.0
18.8 7.1 0.0 0.0 0.0 1.0 0.0 0.0
19.1 7.1 0.0 0.0 0.0 1.0 0.0 0.0
19.4 7.1 0.0 0.0 0.0 0.0 0.0 1.0
