22.7 5.08 0.0000 0.0000 0.0000 0.0000 0.0
17.0776 8.5798 0.0000 -0.0000 -0.0000 0.0145 0.9999
20.4361 10.9477 0.0000 0.0000 0.0000 0.9991 -0.0426
21.7 5.08 0.0 0.0 0.0 0.0 1.0 0.0
21.3 5.08 0.0 0.0 0.0 0.0 1.0 0.0
20.9 5.08 0.0 0.0 0.0 0.0 1.0 0.0
20.5 5.08 0.0 0.0 0.0 0.0 1.0 0.0
20.1 5.08 0.0 0.0 0.0 0.0 1.0 0.0
19.7 5.08 0.0 0.0 0.0 0.0 1.0 0.0
19.3 5.08 0.0 0.0 0.0 0.0 1.0 0.0
18.9 5.08 0.0 0.0 0.0 0.0 1.0 0.0
18.5 5.08 0.0 0.0 0.0 0.0 1.0 0.0
18.1 5.08 0.0 0.0 0.0 0.0 1.0 0.0
17.7 5.08 0.0 0.0 0.0 0.0 1.0 0.0
17.3 5.08 0.0 0.0 0.0 0.0 1.0 0.0
16.9 5.08 0.0 0.0 0.0 0.0 1.0 0.0
16.4 5.08 0.0 0.0 0.0 0.0 1.0 1.0
16.4 5.4 0.0 0.0 0.0 0.0 1.0 0.0
16.4 5.8 0.0 0.0 0.0 0.0 1.0 0.0
16.4 6.0 0.0 0.0 0.0 0.0 1.0 1.0
16.8 6.0 0.0 0.0 0.0 0.0 1.0 0.0
17.2 6.0 0.0 0.0 0.0 0.0 1.0 0.0
17.6 6.0 0.0 0.0 0.0 0.0 1.0 0.0
18.0 6.0 0.0 0.0 0.0 0.0 1.0 0.0
18.4 6.0 0.0 0.0 0.0 0.0 1.0 0.0
18.8 6.0 0.0 0.0 0.0 0.0 1.0 0.0
19.2 6.0 0.0 0.0 0.0 0.0 1.0 0.0
19.6 6.0 0.0 0.0 0.0 0.0 1.0 0.0
20.0 6.0 0.0 0.0 0.0 0.0 1.0 0.0
20.4 6.0 0.0 0.0 0.0 0.0 1.0 0.0
20.8 6.0 0.0 0.0 0.0 0.0 1.0 0.0
21.2 6.0 0.0 0.0 0.0 0.0 1.0 0.0
21.6 6.0 0.0 0.0 0.0 0.0 1.0 0.0
22.0 6.0 0.0 0.0 0.0 0.0 1.0 0.0
22.4 6.0 0.0 0.0 0.0 0.0 1.0 0.0
22.8 6.0 0.0 0.0 0.0 0.0 1.0 0.0
23.2 6.0 0.0 0.0 0.0 0.0 1.0 0.0
23.6 6.0 0.0 0.0 0.0 0.0 1.0 1.0
23.6 6.3 0.0 0.0 0.0 0.0 1.0 0.0
23.6 6.6 0.0 0.0 0.0 0.0 1.0 0.0
23.6 6.9 0.0 0.0 0.0 0.0 1.0 0.0
23.6 7.2 0.0 0.0 0.0 0.0 1.0 0.0
23.6 7.5 0.0 0.0 0.0 0.0 1.0 0.0
23.6 7.8 0.0 0.0 0.0 0.0 1.0 1.0
