22.7 5.08 0.0000 0.0000 0.0000 0.0000 0.0
22.5463 7.8341 0.0000 0.0000 0.0000 0.7110 0.7032
20.4361 10.9477 0.0000 0.0000 0.0000 0.9991 -0.0426
21.7 5.08 0.0 0.0 0.0 0.0 1.0 0.0
21.3 5.08 0.0 0.0 0.0 0.0 1.0 0.0
20.9 5.08 0.0 0.0 0.0 0.0 1.0 0.0
20.5 5.08 0.0 0.0 0.0 0.0 1.0 0.0
20.1 5.08 0.0 0.0 0.0 0.0 1.0 0.0
19.7 5.08 0.0 0.0 0.0 0.0 1.0 0.0
19.3 5.08 0.0 0.0 0.0 0.0 1.0 0.0
18.9 5.08 0.0 0.0 0.0 0.0 1.0 0.0
18.5 5.08 0.0 0.0 0.0 0.0 1.0 0.0
18.1 5.08 0.0 0.0 0.0 0.0 1.0 0.0
17.7 5.08 0.0 0.0 0.0 0.0 1.0 0.0
17.3 5.08 0.0 0.0 0.0 0.0 1.0 0.0
16.9 5.08 0.0 0.0 0.0 0.0 1.0 0.0
16.4 5.08 0.0 0.0 0.0 0.0 1.0 1.0
16.4 5.3 0.0 0.0 0.0 0.0 1.0 0.0
16.4 5.6 0.0 0.0 0.0 0.0 1.0 0.0
16.4 5.9 0.0 0.0 0.0 0.0 1.0 0.0
16.4 6.4 0.0 0.0 0.0 0.0 1.0 1.0
16.8 6.4 0.0 0.0 0.0 0.0 1.0 0.0
17.2 6.4 0.0 0.0 0.0 0.0 1.0 0.0
17.6 6.4 0.0 0.0 0.0 0.0 1.0 0.0
18.0 6.4 0.0 0.0 0.0 0.0 1.0 1.0
