23.6544 5.8580 0.0000 0.0000 0.0000 1.0000 -0.0032
22.5463 7.8341 0.0000 0.0000 0.0000 0.7110 0.7032
20.4361 10.9477 0.0000 0.0000 0.0000 0.9991 -0.0426
23.32 5.07 0.0 0.0 0.0 0.0 1.0 0.0
22.89 5.10 0.0 0.0 0.0 0.0 1.0 0.0
22.1 5.08 0.0 0.0 0.0 0.0 1.0 0.0
21.7 5.08 0.0 0.0 0.0 0.0 1.0 0.0
21.3 5.08 0.0 0.0 0.0 0.0 1.0 0.0
20.9 5.08 0.0 0.0 0.0 0.0 1.0 0.0
20.5 5.08 0.0 0.0 0.0 0.0 1.0 0.0
20.1 5.08 0.0 0.0 0.0 0.0 1.0 0.0
19.7 5.08 0.0 0.0 0.0 0.0 1.0 0.0
19.3 5.08 0.0 0.0 0.0 0.0 1.0 0.0
18.9 5.08 0.0 0.0 0.0 0.0 1.0 0.0
18.5 5.08 0.0 0.0 0.0 0.0 1.0 0.0
18.1 5.08 0.0 0.0 0.0 0.0 1.0 0.0
17.7 5.08 0.0 0.0 0.0 0.0 1.0 0.0
17.3 5.08 0.0 0.0 0.0 0.0 1.0 0.0
16.9 5.08 0.0 0.0 0.0 0.0 1.0 0.0
16.4 5.08 0.0 0.0 0.0 0.0 1.0 1.0
16.4 5.6 0.0 0.0 0.0 0.0 1.0 1.0
16.8 5.6 0.0 0.0 0.0 0.0 1.0 0.0
17.2 5.6 0.0 0.0 0.0 0.0 1.0 0.0
17.6 5.6 0.0 0.0 0.0 0.0 1.0 0.0
18.0 5.6 0.0 0.0 0.0 0.0 1.0 0.0
18.4 5.6 0.0 0.0 0.0 0.0 1.0 0.0
18.8 5.6 0.0 0.0 0.0 0.0 1.0 0.0
19.2 5.6 0.0 0.0 0.0 0.0 1.0 0.0
19.6 5.6 0.0 0.0 0.0 0.0 1.0 0.0
20.0 5.6 0.0 0.0 0.0 0.0 1.0 0.0
20.4 5.6 0.0 0.0 0.0 0.0 1.0 0.0
20.8 5.6 0.0 0.0 0.0 0.0 1.0 0.0
21.2 5.6 0.0 0.0 0.0 0.0 1.0 0.0
21.6 5.6 0.0 0.0 0.0 0.0 1.0 0.0
22.0 5.6 0.0 0.0 0.0 0.0 1.0 0.0
22.4 5.6 0.0 0.0 0.0 0.0 1.0 0.0
22.8 5.6 0.0 0.0 0.0 0.0 1.0 0.0
23.2 5.6 0.0 0.0 0.0 0.0 1.0 0.0
23.6 5.6 0.0 0.0 0.0 0.0 1.0 1.0
23.6 6.1 0.0 0.0 0.0 0.0 1.0 1.0
23.6 6.5 0.0 0.0 0.0 0.0 1.0 0.0
23.6 6.9 0.0 0.0 0.0 0.0 1.0 0.0
23.6 7.3 0.0 0.0 0.0 0.0 1.0 0.0
23.6 7.8 0.0 0.0 0.0 0.0 1.0 1.0
