420
0.535
0.535
0.536
0.536
0.536
0.531
0.531
0.531
0.531
0.554
0.554
0.554
0.551
0.543
0.543
0.543
0.548
0.552
0.552
0.552
0.552
0.551
0.551
0.554
0.562
0.562
0.565
0.569
0.567
0.572
0.572
0.580
0.581
0.589
0.593
0.593
0.592
0.593
0.593
0.598
0.598
0.599
0.599
0.601
0.603
0.608
0.603
0.613
0.617
0.619
0.625
0.630
0.630
0.630
0.638
0.640
0.646
0.648
0.648
0.652
0.655
0.655
0.667
0.670
0.670
0.670
0.672
0.679
0.679
0.683
0.690
0.692
0.695
0.703
0.705
0.715
0.716
0.728
0.728
0.731
0.733
0.735
0.738
0.742
0.749
0.756
0.767
0.770
0.772
0.776
0.783
0.792
0.799
0.799
0.807
0.816
0.822
0.829
0.838
0.842
0.846
0.853
0.854
0.872
0.881
0.886
0.891
0.895
0.916
0.920
0.925
0.928
0.952
0.964
0.965
0.981
0.982
0.996
1.007
1.010
1.044
1.044
1.046
1.075
1.097
1.101
1.101
1.111
1.133
1.141
1.156
1.184
1.186
1.209
1.263
1.269
1.269
1.278
1.307
1.327
1.332
1.360
1.380
1.413
1.436
1.465
1.467
1.525
1.534
1.556
1.587
1.634
1.663
1.708
1.797
1.825
1.825
1.825
1.825
1.825
1.825
2.000
2.000
2.000
2.000
2.000
2.000
2.000
2.000
2.000
2.000
2.000
2.000
2.000
2.000
2.000
2.000
2.000
2.000
2.000
2.000
2.000
2.000
2.000
2.000
2.000
2.000
2.000
2.000
2.000
2.000
2.000
2.000
2.000
2.000
2.000
2.000
2.000
2.000
2.000
2.000
2.000
2.000
2.000
2.000
2.000
2.000
2.000
2.000
2.000
2.000
2.000
2.000
2.000
2.000
2.000
2.000
2.000
2.000
2.000
2.000
2.000
2.000
2.000
2.000
2.000
2.000
2.000
2.000
2.000
2.000
2.000
2.000
2.000
2.000
2.000
2.000
2.000
2.000
2.000
2.000
2.000
2.000
2.000
2.000
2.000
2.000
2.000
2.000
2.000
2.000
2.000
2.000
2.000
2.000
2.000
2.000
2.000
2.000
2.000
2.000
2.000
2.000
2.000
2.000
2.000
2.000
2.000
2.000
2.000
2.000
2.000
2.000
2.000
2.000
2.000
2.000
2.000
2.000
2.000
2.000
2.000
2.000
2.000
2.000
2.000
2.000
2.000
2.000
2.000
2.000
2.000
2.000
2.000
2.000
2.000
2.000
2.000
2.000
2.000
2.000
2.000
2.000
2.000
2.000
2.000
2.000
2.000
2.000
2.000
2.000
2.000
2.000
2.000
2.000
2.000
2.000
2.000
2.000
2.000
2.000
2.000
2.000
2.000
2.000
2.000
2.000
2.000
2.000
2.000
2.000
2.000
2.000
2.000
2.000
2.000
2.000
2.000
2.000
2.000
2.000
2.000
2.000
2.000
2.000
2.000
2.000
2.000
2.000
2.000
2.000
2.000
2.000
2.000
2.000
2.000
2.000
2.000
2.000
2.000
2.000
2.000
2.000
2.000
2.000
2.000
2.000
2.000
2.000
2.000
2.000
2.000
2.000
2.000
2.000
2.000
2.000
2.000
2.000
2.000
2.000
2.000
2.000
2.000
2.000
2.000
2.000
2.000
2.000
2.000
2.000
2.000
2.000
2.000
2.000
2.000
2.000
2.000
2.000
2.000
2.000
2.000
2.000
2.000
2.000
2.000
2.000
2.000
2.000
2.000
2.000
2.000
2.000
2.000
2.000
2.000
2.000
2.000
2.000
2.000
